GeneID	Description	GFP22h1	GFP22h2	GFP22h3	GFP25h1	GFP25h2	GFP25h3	GFP28h1	GFP28h2	GFP28h3	GFP34h1	GFP34h2	GFP34h3	GFP37h1	GFP37h2	GFP37h3	GFP40h1	GFP40h2	GFP40h3	GFP46h1	GFP46h2	GFP46h3	GFP56h1	GFP56h2	GFP56h3	pcrtB22h1	pcrtB22h2	pcrtB22h3	pcrtB25h1	pcrtB25h2	pcrtB25h3	pcrtB28h1	pcrtB28h2	pcrtB28h3	pcrtB34h1	pcrtB34h2	pcrtB34h3	pcrtB37h1	pcrtB37h2	pcrtB37h3	pcrtB40h1	pcrtB40h2	pcrtB40h3	pcrtB46h1	pcrtB46h2	pcrtB46h3	pcrtB56h1	pcrtB56h2	pcrtB56h3
Niben261Chr01g0191003.1	Mitogen-activated protein kinase	21.678947	18.763395	18.792739	18.186526	20.418846	14.888994	8.91376	12.79388	15.485316	12.564997	9.070114	11.824343	14.560173	11.299022	10.597224	13.570406	23.211074	15.838323	23.774117	34.29558	25.596044	21.211056	20.446303	22.452885	31.057445	33.891502	29.949026	40.422214	33.887841	36.597541	68.355248	18.890488	72.588654	16.018815	11.357361	9.89961	14.353477	11.177691	9.828803	20.177363	23.158976	20.194031	19.353879	20.796234	21.440341	11.275057	16.077239	12.763808
Niben261Chr01g0441015.1	Eh domain-containing protein 1	2.359759	2.575293	2.318043	3.213937	2.997759	2.460989	1.846159	2.438674	2.283847	2.178964	2.477658	2.119536	2.65192	3.160706	3.389933	3.776867	4.378663	3.61952	4.165711	4.590381	4.401163	3.654108	3.007436	3.811978	2.183105	2.458699	2.482021	3.345095	4.100087	3.542783	3.714089	3.001548	4.413581	2.867039	2.953155	3.020034	2.195699	3.037351	2.061875	4.163516	3.764894	2.97906	3.420214	3.836058	3.745086	1.80194	2.097109	1.917098
Niben261Chr01g0653017.1	TPT domain-containing protein	1.944574	1.453053	1.65966	1.586893	2.081864	2.464108	1.629805	0.922681	1.768881	0.982032	0.7548	0.965789	1.302652	1.163765	1.168544	1.046526	1.571129	0.959459	2.102117	2.458912	1.704657	1.589753	1.480263	2.100854	3.31528	2.674839	2.444769	4.147795	3.903804	3.524496	5.594581	2.279984	4.043218	1.027654	1.145032	0.580246	1.261494	0.89415	0.623216	1.007583	1.927113	1.558431	1.704657	1.658373	1.060716	0.623575	0.452543	0.632241
Niben261Chr01g1034003.1	Homeobox-leucine zipper protein	0.906364	0.967876	1.318477	1.622554	1.659796	1.245274	1.149972	1.068227	1.431393	0.661427	0.853662	0.800281	0.910406	0.75333	0.721329	0.689496	1.113053	1.270011	1.737061	2.044407	1.478982	1.594823	1.687302	2.637015	1.06851	1.598741	1.98404	2.436633	2.156605	2.047592	2.153772	1.589784	2.02579	1.932727	1.212396	1.353998	1.025434	1.150525	0.846552	0.781037	1.195767	0.960582	2.650659	1.633871	1.978899	1.140057	1.930464	1.309321
Niben261Chr01g1050001.1	Auxin response factor	3.783686	4.075379	3.717538	3.226226	4.283358	2.894926	2.049106	2.417918	2.945304	2.35569	1.439013	1.850644	3.343337	2.371173	2.440629	3.225978	3.845818	4.24395	5.518628	6.564109	6.055572	4.715221	4.982359	5.735993	4.938411	4.373575	5.196643	7.48411	6.969186	6.406673	8.048553	4.922672	8.967011	3.928352	2.855177	2.201798	4.379889	4.563908	2.910843	4.472007	5.487405	4.556213	4.91068	5.171418	5.133737	2.835437	3.496734	2.985984
Niben261Chr01g1508003.1	5-methyltetrahydropteroyltriglutamate--homocysteine S-methyltransferase	79.039729	86.254841	78.046541	98.047309	111.458424	102.636187	75.665142	79.013178	80.475564	75.478774	84.141508	64.202781	78.76582	79.220664	74.873042	73.533577	78.844722	77.442959	93.154776	109.630419	83.229644	49.670742	52.004729	59.286987	105.04295	105.038466	95.494126	172.407776	145.939204	134.702164	163.583504	100.761257	207.124872	82.677668	93.406761	80.219693	97.887655	96.023527	100.850474	75.462529	95.99582	79.383233	104.28831	84.861406	81.123186	45.336062	43.524184	43.57867
Niben261Chr02g0052003.1	E3 ubiquitin ligase BIG BROTHER-like	4.40867	5.35113	3.63295	5.096081	4.490849	3.930888	3.235766	2.507736	4.476898	3.211202	4.146337	4.352717	5.634231	4.532255	3.588785	3.721719	4.687593	4.67011	4.177311	4.772375	6.558129	5.212411	4.56341	6.935776	5.578281	5.561328	6.2737	8.464413	4.551883	5.057605	4.024676	4.083067	5.095828	4.616046	4.924566	3.259452	5.036078	4.179138	4.014958	4.699997	6.620032	4.902291	3.541742	5.099651	3.756848	4.129036	3.483433	3.498942
Niben261Chr02g0607003.1	Glyco_trans_2-like domain-containing protein	5.389249	3.894348	2.318563	2.080881	3.16834	2.138	0.525787	0.772335	1.36798	0.261328	0.439797	0.532859	1.177637	0.450056	0.82105	1.223862	2.245698	1.967095	3.193972	5.224851	3.932378	2.123549	1.725805	2.551357	8.032909	5.861036	4.261323	5.630416	5.76296	5.20891	8.76685	2.466292	10.208924	1.53155	0.859384	0.517909	1.145987	1.564211	0.528635	2.71102	3.614046	3.210304	2.431016	3.846372	2.73402	1.110911	1.505136	1.42154
Niben261Chr02g0637003.1	Methyltransferase	4.408154	3.993568	4.586011	4.995705	7.484903	5.130647	2.863022	3.965427	4.783919	3.602036	4.798723	4.789588	5.73458	4.3504	5.203774	7.250718	9.381021	8.931394	8.753627	9.021937	8.641003	8.821717	8.185309	8.931121	5.664513	5.07666	5.027668	8.102537	9.646218	9.790585	9.208773	8.068661	9.46696	6.56138	4.042432	4.356388	4.981696	6.210164	5.102823	5.748549	7.463099	5.403083	8.86904	5.880561	7.31019	4.984565	5.397622	4.75163
Niben261Chr02g0900010.1	Methyltransferase	1.965187	2.506468	1.824193	2.153636	2.568959	2.318146	1.453835	1.684519	1.885511	2.401386	2.604361	2.440295	2.890187	2.009779	2.730524	2.749536	3.738067	3.001354	3.203364	3.095762	3.299119	2.760546	3.051926	2.942033	2.539146	2.902047	2.864171	3.237933	3.843332	3.44096	3.389179	2.3232	3.737039	2.155105	2.834414	2.262669	3.045886	2.648357	2.119316	3.300526	3.334698	3.149085	2.740317	3.464375	3.084577	2.379032	2.077383	2.24641
Niben261Chr02g1079003.1	Glucomannan 4-beta-mannosyltransferase 9	1.453611	1.220773	1.470402	0.932462	0.617807	1.220173	0.44776	0.500571	0.585119	0.152617	0.325189	0.284444	0.759391	0.161551	0.425372	0.592781	1.43841	1.290785	2.125459	3.107614	2.571392	1.002592	1.108848	1.925059	2.065746	1.896042	1.581344	1.60077	1.484067	1.859033	6.604426	1.68221	5.994104	0.882886	0.623042	0.357894	0.452484	0.85201	0.48438	1.047885	1.516946	1.572668	1.209488	2.241901	1.317975	0.739092	0.819383	0.509566
Niben261Chr02g1128040.1	Protein IQ-DOMAIN 1	3.705371	3.600405	3.142648	2.488321	3.883135	3.410529	1.538989	1.609583	2.733417	1.145531	1.214755	1.60286	1.29166	1.49536	1.225093	2.377381	4.666489	2.828876	3.63718	4.972119	3.963147	3.26806	3.55102	3.273686	5.412329	4.983568	4.25004	7.136913	6.189402	5.793298	3.568281	3.509067	4.802168	1.753596	1.779545	1.294241	2.104225	3.022295	1.066325	3.621545	6.76906	4.052323	4.483855	3.860502	3.517367	2.540689	2.766131	2.517989
Niben261Chr02g1158001.1	serine/threonine-protein kinase STY46-like	7.091488	4.737471	5.851852	3.882411	6.336579	4.472389	4.043745	5.467454	5.798996	2.078132	2.207805	2.808832	3.740444	3.376624	3.287893	6.416309	7.227965	7.21129	7.296141	9.083524	7.33715	7.85939	8.514754	7.59837	6.856372	5.95163	6.467867	7.260205	9.050736	7.251746	14.918064	11.326842	15.028852	4.897384	3.724695	2.827659	3.448173	6.99864	2.973554	8.092871	10.40274	8.409836	6.29361	7.509024	8.275947	5.608278	5.553755	5.052219
Niben261Chr03g0068004.1	Cytochrome P450 86A22	11.531253	13.004513	12.505377	10.764544	12.280312	10.468584	3.535149	4.068333	8.043573	3.898323	2.064007	3.122419	8.752834	4.201565	6.747164	6.480153	9.426645	8.141633	21.698323	29.051135	18.380477	9.133438	9.082267	15.723761	19.563795	15.585984	21.281618	14.070835	20.546615	15.809382	5.645899	11.265205	9.163328	14.269109	5.715032	6.031195	10.812841	17.623539	5.174005	14.566274	18.254472	17.17751	26.550303	29.153296	26.140148	7.257302	10.401425	9.138475
Niben261Chr03g0154010.1	GDSL esterase/lipase EXL3-like	5.306368	2.453673	3.546492	3.469925	4.370961	3.356007	2.099927	3.305802	4.578756	1.840496	3.05017	1.746328	3.829691	2.285937	3.314648	3.666	4.154632	3.620083	7.336898	10.208678	9.168163	7.68855	7.738261	7.320851	8.20633	6.707216	7.854173	11.237503	9.093739	7.240571	14.754621	8.550988	14.256506	3.762029	4.683596	2.877374	5.423703	5.532641	2.725999	5.868252	4.824134	6.509234	14.067328	10.424862	11.655789	5.489371	5.416492	5.294293
Niben261Chr03g0608002.1	Cyclin-dependent kinase f-4	7.935102	7.826991	5.226638	7.363584	8.570687	5.973493	5.037566	6.594614	6.966502	6.530109	8.238968	6.569847	7.742443	7.384668	8.556829	8.531316	8.919741	9.381785	10.799821	10.798671	11.567902	9.879174	11.010672	9.874832	10.161814	10.111502	8.106367	9.29706	12.40787	12.186813	15.159995	11.335316	13.983035	8.212306	8.315114	6.739549	6.734162	8.256052	8.077784	9.718266	10.643063	10.092844	8.100178	7.890481	9.189371	7.370517	7.50065	7.208678
Niben261Chr03g0812002.1	DUF4378 domain-containing protein	0.537887	0.479642	0.422188	1.034319	0.720621	0.51236	0.302752	0.415137	0.603841	0.301314	0.643928	0.425217	0.557563	0.515802	0.480384	0.286575	0.538509	0.469397	0.582125	0.602134	0.400722	0.50376	0.511772	0.531898	0.744321	0.844899	0.71377	1.140583	0.840516	0.852937	1.003404	0.577357	1.268376	0.448231	0.505791	0.395659	0.417752	0.364232	0.541779	0.436919	0.423774	0.351989	0.370347	0.502172	0.412502	0.238358	0.483975	0.212732
Niben261Chr03g0899005.1	Pectin acetylesterase	19.826891	15.04448	18.52077	17.218772	23.132146	17.198898	8.187565	9.83708	14.402248	7.695067	6.625287	7.913595	12.263309	7.958347	9.730096	13.24215	18.494984	16.010709	24.749869	29.880141	33.227971	19.521892	20.30176	19.811642	26.692372	23.809055	24.306954	27.306484	31.188238	24.657067	19.532036	19.364917	23.467156	13.846319	12.49378	10.471142	13.118518	18.657883	9.068943	19.729811	27.354992	24.239637	30.179668	34.24955	37.388799	13.313547	17.367819	17.010247
Niben261Chr03g0907002.1	Endoglucanase	22.663974	19.096063	20.26913	21.499007	29.164797	22.169687	12.999893	15.406375	19.641035	9.202476	8.724198	9.425704	15.020464	11.881143	11.222768	14.937792	21.947691	20.337832	35.565631	43.550839	34.465338	21.34765	22.645593	24.498211	32.834574	26.654192	31.049008	40.583339	37.973591	34.444425	52.575617	27.962342	58.273601	15.123214	14.969092	10.880274	12.043836	18.813467	9.151563	15.442019	25.299594	20.232168	30.146263	31.038293	26.224039	9.696289	11.991851	10.247489
Niben261Chr03g1077014.1	Protein strictosidine synthase-like 3	4.087872	4.359767	2.688343	3.776304	4.871195	4.077542	2.519781	2.910343	5.648622	2.741941	1.861784	3.145725	3.489942	2.038216	2.949434	3.453195	4.508618	4.693777	3.928777	5.99604	6.223201	6.257631	7.01742	8.276682	5.193645	5.811721	4.026036	6.278566	6.542683	6.308424	9.164296	6.214281	11.20089	4.626943	3.754386	3.748838	3.925668	3.991071	3.203147	4.983072	7.274394	4.780811	6.423129	7.86281	6.263603	5.740301	7.219836	6.947907
Niben261Chr03g1108015.1	ABC transporter G family member 15	8.036887	6.759432	7.235775	8.163756	10.235964	8.116343	4.046502	6.090437	6.559069	4.597435	4.437886	4.780009	12.364356	5.211661	5.725942	7.517404	7.937336	9.281122	14.898797	17.350157	16.441279	9.061072	10.096818	11.631992	11.236644	9.07806	10.634011	11.248166	14.169791	12.761578	10.539824	11.227259	11.707202	6.600658	6.139442	5.348609	12.380235	9.692062	5.314285	7.82732	9.970165	10.200815	14.37514	13.233668	13.555946	7.267272	6.183496	7.181314
Niben261Chr03g1245006.1	Auxin response factor	0.903533	0.720307	0.50035	0.673887	0.876214	0.601309	0.20414	0.461544	0.48699	0.408248	0.18429	0.518121	0.645879	0.264472	0.461981	0.813217	0.618999	1.104444	1.084851	1.414324	1.531067	0.885341	0.757914	1.070827	1.047735	0.962928	1.176715	1.039481	1.119504	1.077682	0.881813	0.427111	0.818583	0.489052	0.355378	0.539357	0.515234	0.651501	0.538379	0.71896	0.867245	0.880077	1.163679	1.050317	0.886998	0.39508	0.431684	0.676071
Niben261Chr03g1459017.1	Cellulose synthase	17.177492	18.340155	15.985235	23.941245	31.136011	22.851527	13.878043	15.546114	15.03234	14.080514	16.135712	16.576438	19.063849	19.260105	18.84539	20.459455	23.980634	24.242716	33.541967	39.049909	31.073594	19.442125	21.571626	20.999938	20.286612	18.468904	19.748283	25.783041	37.67253	30.864166	30.22482	21.544081	28.011123	13.717222	16.833927	16.462915	20.703959	19.346968	18.32707	23.546127	33.996882	26.346364	27.692928	32.039028	33.469641	15.916863	13.831116	15.87627
Niben261Chr03g1533003.1	Pollen-specific protein sf21	6.649715	5.273053	3.476033	3.729691	5.193413	3.672675	1.694963	2.824084	1.947208	2.02844	1.350041	3.148133	5.126867	2.334143	4.323578	3.296109	6.4267	7.327208	8.462609	9.947296	8.34413	4.609641	5.007724	6.352206	9.360569	6.452184	4.550101	8.674287	8.291957	7.705943	13.032796	4.983068	10.697406	2.980664	1.83185	1.623056	4.431385	4.221258	2.330695	4.94033	8.13997	6.24533	6.954041	5.245282	6.287439	3.315262	2.830607	3.079153
Niben261Chr03g1810010.1	Squalene synthase	0.844719	0.757162	0.91199	0.663968	0.868549	0.849729	0.432001	0.766528	0.838724	0.504841	0.268923	0.427688	0.456726	0.106879	0.487069	0.226253	0.52868	0.695082	0.741783	1.547467	1.109467	1.403125	1.625574	1.414237	1.205874	0.78399	0.697458	0.71033	0.895583	1.161566	2.240235	0.987265	2.203096	0.87615	0.757824	0.422814	0.340175	0.596161	0.450641	0.537874	0.223018	0.433519	1.000217	1.252701	0.967033	0.873158	0.67761	0.194492
Niben261Chr04g0010009.1	F-box/LRR-repeat protein 17	0.507473	0.312027	0.108866	0.472423	0.348531	0.177504	0.321617	0.227748	0.277043	0.191625	0.443128	0.322432	0.640589	0.19491	0.155012	0.347431	0.301186	0.521216	0.416227	0.770464	0.465169	0.548018	0.298239	0.675449	0.702885	0.40638	0.538588	1.040622	0.951865	0.684356	0.775387	0.369962	0.839278	0.216898	0.238955	0.267495	0.332812	0.165568	0.29387	0.399065	0.612064	0.470066	0.477347	0.585404	0.28923	0.203689	0.287348	0.18564
Niben261Chr04g0235002.1	Aldehyde dehydrogenase	15.13205	10.525699	11.460947	17.259467	16.807203	16.832838	10.089196	9.569187	13.948385	6.779441	5.921686	7.591235	9.523771	5.313151	5.958475	7.749925	9.818871	10.071291	20.057101	30.055764	27.515111	21.70437	24.669994	38.073562	27.179174	20.053512	20.67127	36.108966	34.196066	37.318078	34.735085	23.596126	44.285832	11.54646	8.777079	8.351111	10.032948	9.041437	6.18107	9.132236	14.360545	13.145972	27.453095	35.241259	31.358718	15.769981	17.081245	16.395404
Niben261Chr04g0387001.1	Auxin response factor	4.826266	4.1727	4.509698	3.855625	6.249199	4.189375	2.423653	2.916989	3.335199	1.990031	1.76843	1.988735	3.150621	1.973694	2.581867	2.471675	3.717756	3.377924	5.622861	8.40055	6.543561	4.473948	4.840982	4.323174	6.09214	5.642109	6.013108	8.261202	10.005622	8.39584	8.881527	5.624157	9.1578	2.431007	2.85829	1.851514	3.422679	2.805115	2.633066	3.289157	4.475492	4.458326	6.310593	6.846095	7.73311	4.20575	4.128886	3.678217
Niben261Chr04g0732004.1	Protein trichome birefringence	2.676982	2.487221	2.86965	2.874109	3.905875	2.152008	0.931321	1.622758	2.719616	2.28122	1.292245	1.889603	2.236399	1.18408	1.533584	1.487341	2.457485	2.947699	4.092166	4.700004	5.600101	3.223295	1.891846	3.015771	4.67982	5.420313	5.139906	8.639212	5.947531	4.540944	4.548364	2.939507	6.13839	2.448623	2.215707	1.834731	4.040764	2.405405	1.593917	2.191728	2.331751	2.764692	5.121468	4.320595	5.046995	3.001901	2.765501	2.928872
Niben261Chr04g1004016.1	Formin-like protein	4.231756	4.466542	2.845358	5.781004	11.541199	6.633339	3.126038	4.930456	5.277524	5.062746	4.145773	4.305848	6.089009	4.522683	5.193127	9.111417	14.969827	10.77801	11.689143	13.788636	15.474834	13.363776	10.018824	10.112642	5.964816	6.791264	5.558934	23.262397	18.836613	15.219899	15.373819	8.146447	16.13697	5.834614	5.211264	3.96412	7.620162	7.076581	6.474581	17.09163	20.154944	16.094291	12.18878	11.224545	13.83746	7.234028	8.716987	8.158698
Niben261Chr04g1010009.1	Leucine rich repeat receptor protein kinase CLAVATA1	0.683761	0.792726	0.540929	0.499905	0.758234	0.565654	0.082631	0.234782	0.439197	0.364905	0.202077	0.198485	0.644311	0.380249	0.272553	0.475469	0.660023	0.614624	1.105919	1.648195	1.241005	0.801086	0.86577	0.862242	0.85224	0.725961	0.75401	0.938388	1.205139	0.916524	0.380927	0.397084	0.641626	0.461444	0.285536	0.156821	0.669213	0.502961	0.425018	0.528104	0.636513	0.69117	0.745668	0.745851	0.704776	0.30628	0.345552	0.254362
Niben261Chr04g1519002.1	ABC transporter G family member 32-like	1.748113	1.504986	1.515502	2.209777	2.327797	1.919136	1.041842	0.733111	1.246838	0.431356	0.367905	0.728468	0.792631	0.511334	0.65653	1.161904	1.821233	1.79123	3.024393	4.635566	3.147054	2.39744	2.43852	3.528793	2.459025	2.260629	3.115038	2.394848	3.273138	2.883374	1.294863	1.639529	1.4044	1.45022	0.808809	1.10308	0.892934	1.672726	0.80769	2.349958	2.839443	2.383585	2.128128	4.352788	3.398091	1.002253	1.357828	0.972121
Niben261Chr04g1801007.1	Protein kinase domain-containing protein	3.534302	3.916926	3.264219	4.068212	6.230129	4.290079	2.507086	2.563308	4.956829	3.427513	3.386272	4.325977	4.227111	3.494859	3.325372	3.0517	5.256122	5.443412	7.729185	8.403661	7.498555	5.017722	5.440193	6.45207	3.821781	5.122731	4.685807	5.442044	7.940049	6.541271	5.610243	4.492126	6.50516	4.058063	3.780313	3.506804	4.303176	4.464705	2.906875	5.305709	8.037171	6.578124	5.672032	6.693416	6.769702	3.653612	4.262841	4.931429
Niben261Chr04g1824009.1	Ceramide glucosyltransferase	2.177557	1.994518	1.730025	1.977802	2.047116	2.253226	1.170906	1.551684	1.771491	1.081218	1.0166	0.783217	1.161779	0.739663	0.824415	1.025197	0.862995	1.446149	2.086809	2.484429	2.417955	1.468081	1.042451	2.256725	2.275042	2.677771	2.27331	5.454557	3.692049	3.676174	5.671149	2.791179	6.479794	0.661405	1.082183	0.651837	1.667952	0.620944	0.802027	0.892064	1.127466	1.06471	1.475036	1.149608	1.704739	0.614516	0.451176	0.880858
Niben261Chr04g1876015.1	H(+)-exporting diphosphatase	1.630624	1.149268	1.245824	1.285084	1.954695	1.837306	1.056637	1.04523	0.775584	0.82758	0.979651	0.872186	1.039876	0.73972	0.887157	1.346222	1.171607	1.752383	2.574315	2.334551	2.492438	1.301143	0.986433	1.104632	1.317848	0.96929	0.973967	1.578058	2.162403	1.94152	2.570786	1.209962	3.084911	1.35809	0.985935	1.23219	0.743559	1.441311	1.550429	1.654981	1.482704	1.842515	1.773325	1.806324	1.891827	1.4845	0.98738	1.511489
Niben261Chr05g0026004.1	Cytochrome B561 family protein	0.287314	0.418492	0.168022	0.194838	0.112954	0.117414	0	0.196114	0	0	0	0.094555	0.126219	0.236293	0	0.166737	0	0.219531	0.285211	0.977495	0.953889	0	0.276453	0.446935	0	0.231104	0.385492	0	0.733335	0.679779	0.427432	0.198426	0.456629	0.484257	0.239347	0	0.30083	0.119826	0	0.528514	0.246529	0.425975	0.294843	0.775467	0.141745	0.257389	0.665818	0
Niben261Chr05g0034002.1	Hexosyltransferase	7.429127	9.554303	5.149383	6.063695	8.239621	8.362938	2.814525	4.075071	5.291164	2.178711	1.335415	2.872237	2.708874	2.284662	1.974661	3.73567	10.329129	9.865967	8.192602	10.867669	12.682719	8.607483	6.104821	8.144803	10.040809	13.337451	9.236655	19.555216	15.103859	16.017226	12.640238	8.89152	14.247858	4.181251	1.97416	2.242626	2.752009	4.716476	2.142048	9.188629	16.984054	13.361302	9.34525	10.287416	11.414028	5.606192	6.538558	5.817198
Niben261Chr05g0202005.1	Cellulose synthase	11.604848	11.314502	8.836246	8.74672	12.422458	8.877139	3.617887	4.727539	5.761422	1.927527	2.022184	2.962179	7.36781	3.36715	3.939648	4.735866	6.781183	10.84597	16.645541	23.781702	17.093588	8.130188	7.890239	9.44595	16.238763	14.12924	10.868082	15.002726	19.978123	16.478301	16.503326	9.538248	22.222005	3.427758	2.054723	1.782125	4.301399	4.887882	2.235964	6.206868	10.61758	8.76393	11.425763	13.805258	14.106184	5.432797	4.092704	5.50303
Niben261Chr05g0498013.1	Exostosin domain-containing protein	3.220054	3.353393	3.438701	4.68374	6.01775	4.500777	3.856129	5.075432	4.216597	3.988343	4.764131	5.068232	5.084315	5.641896	4.741904	3.899878	4.90443	4.49287	5.767577	4.802831	4.957982	4.626368	4.190977	3.774893	4.378404	4.016504	4.341253	5.426236	7.218253	6.551242	7.012063	4.576618	7.120198	2.936502	3.965388	4.12984	4.251061	2.958372	4.423223	4.20639	4.885233	4.912466	4.405911	4.498447	5.157202	2.926476	2.974028	3.957707
Niben261Chr05g0586001.1	Hexosyltransferase	7.160934	6.512603	8.417897	7.103313	9.427659	7.136985	5.176731	4.867474	6.197169	4.573683	4.942162	5.676283	6.419613	4.856969	5.454777	7.192446	10.591978	9.790401	11.491322	15.548123	12.615822	8.319946	8.507627	9.123904	10.153184	9.116531	10.525346	12.115125	11.932522	10.515198	10.931546	7.462267	11.730839	4.960696	5.858731	4.825658	5.794006	6.59887	4.677335	8.901204	11.397938	9.945317	10.380865	10.321034	12.239522	6.369039	7.487609	7.680264
Niben261Chr05g0593010.1	heavy metal-associated isoprenylated plant protein 3-like	3.891631	1.869144	1.289921	0.472423	1.402736	1.142776	0.394957	1.072531	0.533055	0.400529	0	0.09144	0.724649	0.218947	0.115511	0.319094	0.093197	0.315175	1.021326	2.219657	0.408153	1.121472	0.181711	1.743953	6.371657	6.445835	3.071683	3.004653	2.043025	2.075335	9.571286	0.848032	9.213693	2.018668	0.915197	0.545945	0.714142	0.432745	0.106653	0.127116	0.589773	0.509501	2.77264	0.632738	0.823255	0.615656	0.630249	0.683508
Niben261Chr05g0922004.1	Cellulose synthase	11.418055	12.64115	9.818927	15.613709	21.283002	14.579755	7.702368	9.604442	9.931949	7.774693	9.127647	11.494676	12.496136	10.49413	10.366696	11.302796	15.648541	17.324055	25.693544	33.238286	28.433417	12.03394	12.778309	13.683842	14.55785	12.385832	13.447117	16.395046	25.150837	20.220634	16.941654	11.240687	17.554087	8.67261	10.329449	8.641229	11.827203	10.036571	10.020114	11.004504	19.214779	16.96894	15.657583	21.482376	23.502551	8.78075	6.493948	9.623512
Niben261Chr05g1222004.1	LRR receptor-like serine/threonine-protein kinase FEI 1	5.23926	5.108156	3.216236	4.60532	6.389445	4.059637	2.165948	2.568492	4.030666	2.553304	1.882986	2.671359	3.597002	2.644448	2.864799	3.348247	5.827803	5.159869	5.923444	7.148936	7.926134	5.043272	4.876985	5.403281	6.526251	7.551905	6.244302	10.171652	9.395399	7.034482	5.647788	5.254574	6.601645	2.92549	2.61717	2.517967	3.957257	3.509756	2.692174	6.089829	7.103367	5.747456	5.826758	6.400453	6.721343	3.663387	3.511972	3.890956
Niben261Chr05g1240012.1	B3 domain-containing protein REM10-like isoform X1	0.651856	0.421987	0.69888	0.884095	0.640675	0.887957	0.773891	0.840447	1.078716	0.685819	0.524574	0.750841	0.859092	0.625449	0.316699	0.378291	1.289084	0.830118	0.701009	1.15507	1.03056	0.799772	0.975667	1.098503	0.616061	0.611715	0.777424	1.025706	0.998271	0.685457	1.050568	0.562735	2.129549	0.854529	0.814544	0.494856	0.51189	0.543722	0.46045	0.599544	0.652544	0.563762	0.780427	0.795907	0.643182	0.583962	0.503534	0.216791
Niben261Chr05g1243004.1	Glyco_trans_2-like domain-containing protein	5.388794	4.245832	2.279302	2.103246	3.095449	2.330381	0.759977	1.075764	1.501274	0.497174	0.350335	0.615222	1.590079	0.663306	0.696756	1.586271	3.349836	2.608068	3.628682	6.355963	4.636853	1.607209	1.864663	3.361258	6.46127	6.808048	3.679428	6.37442	6.596452	5.289733	16.601439	3.790633	15.940572	1.715513	1.851563	0.735669	1.361804	2.018804	0.63492	4.041378	5.343627	4.547926	3.633543	4.043511	3.379601	1.058067	1.058915	0.864231
Niben261Chr05g1317002.1	Unknown protein	88.929899	23.027943	55.473586	60.306587	46.615757	24.22802	16.892578	45.86342	52.97923	34.546452	40.894455	70.240483	36.462899	39.00678	44.440392	48.168043	92.454302	49.829721	58.852708	126.064955	95.604487	40.734206	57.045434	69.16797	79.462134	66.762845	37.121216	106.054169	115.004667	68.57684	66.149737	20.472397	106.787618	66.616944	64.20536	69.439928	43.452877	39.5614	36.548211	81.793185	61.044855	39.554518	73.008193	50.290701	40.948365	84.978552	48.086466	47.321348
Niben261Chr05g1352007.1	C2 NT-type domain-containing protein	10.51905	10.068198	8.910398	11.71116	16.27849	11.444626	7.154143	7.361765	13.256418	5.892952	4.737359	6.440286	7.891968	5.64774	6.416229	8.687263	15.415628	11.660785	17.139811	24.429999	22.51749	11.07604	11.015097	10.656944	12.718597	11.088812	12.85342	23.706	22.132958	19.390018	12.771101	13.990228	12.645955	7.771634	7.400647	5.574078	10.089579	9.675411	6.68844	23.641736	23.169135	23.910702	24.803887	25.638994	29.491243	7.809845	9.348413	7.368006
Niben261Chr06g0169007.1	Methylenetetrahydrofolate reductase	29.435794	32.22475	26.409254	36.173794	36.218001	34.675477	23.444269	28.877868	24.438715	24.179097	28.902101	24.419142	31.059707	29.33224	28.283612	23.385472	26.530041	27.403591	37.19489	48.491462	38.078535	22.627268	23.899342	26.606383	36.638807	32.349765	29.544165	33.014463	45.787765	39.084747	59.362218	28.932732	58.460304	26.346464	31.225525	23.625798	24.357134	24.403025	28.884656	23.475321	34.552062	21.801854	26.490995	31.049877	32.581136	16.761367	12.657248	16.836142
Niben261Chr06g0215018.1	O-fucosyltransferase family protein	47.080217	44.816912	39.680424	61.898314	69.7088	55.428987	38.614023	38.8078	50.988778	36.619893	35.391976	37.490628	56.686888	30.814244	45.718241	34.81082	47.522486	50.205868	65.607361	80.939476	64.54957	43.593087	50.644804	64.144734	53.460766	57.259598	45.861744	86.760726	87.228158	85.783715	75.957281	60.395819	79.631392	63.254188	58.779972	50.114448	63.329684	63.652402	54.136039	52.635526	60.580238	61.446422	73.01908	69.177375	72.600346	35.95207	38.854885	38.524018
Niben261Chr06g0422010.1	Nucleoside diphosphate kinase	3.009089	2.039595	3.043131	5.916771	5.719507	4.05543	3.570548	3.514214	4.83103	2.045641	2.0756	1.880596	3.435947	1.113667	2.501552	1.779123	0.816543	6.136089	6.419115	6.304746	4.833651	3.147902	4.267739	6.285575	4.496867	6.804631	5.027934	12.128384	7.222921	9.49875	15.592076	7.947151	15.463634	4.610092	3.155418	2.153884	3.147539	4.516324	2.199991	2.097021	2.323958	3.454233	5.398979	4.845343	4.81507	5.120119	2.615476	2.696377
Niben261Chr06g0437002.1	LEA_2 domain-containing protein	22.558322	15.972204	11.539955	8.591834	14.734507	11.432176	7.492804	8.608752	9.100742	4.949253	5.682379	5.051399	7.801133	5.693906	7.279853	8.83046	9.886358	10.84277	14.151287	21.655501	18.621999	7.88108	10.539648	13.627156	24.744359	20.219456	16.56584	15.163705	23.291492	22.216759	44.183857	15.911852	43.435086	7.532504	6.435902	6.629475	7.601457	12.422004	4.78784	12.272095	16.062864	12.599019	13.995987	15.230756	13.785372	5.498104	5.838722	6.266778
Niben261Chr06g0638003.1	non-specific phospholipase C6	0.518985	0.713347	0.404658	0.416187	0.714328	0.472689	0.287479	0.21601	0.515222	0.461589	0.536408	0.427079	0.94998	0.391306	0.396001	0.300756	0.468652	0.528334	0.965634	1.140383	0.984428	0.381627	0.915284	1.210061	1.218351	0.834908	0.580345	0.687708	0.816736	0.750329	1.12601	0.716614	1.191116	0.534557	0.828493	0.562578	0.543131	0.793532	0.499706	0.675855	0.742132	0.929018	0.798635	0.50021	0.298731	0.387066	0.80153	0.388236
Niben261Chr06g0645011.1	Beta-galactosidase	0.212685	0.100458	0	0.170913	0.168011	0.046202	0.12765	0.049046	0.261629	0.065966	0.095892	0	0.027186	0.052913	0.029317	0.113296	0.204639	0.09983	0.291589	0.475256	0.229299	0	0.110836	0.356517	0.116724	0.136016	0.120742	0.469766	0.349074	0.163666	0.454723	0.184726	0.445142	0	0.046847	0.04278	0	0	0	0	0.117262	0.197298	0.264197	0.207934	0.190733	0.1202	0.046274	0
Niben261Chr06g0700018.1	WEB family protein At3g02930, chloroplastic-like	12.70597	13.003597	10.193214	11.549991	16.568372	11.883603	7.011192	6.707932	10.516969	8.749021	8.468527	8.383369	10.775786	8.133313	8.784882	9.290578	12.225717	10.176466	14.242068	17.783033	16.83779	14.176681	13.531096	15.661978	16.600104	17.594051	16.417548	28.395007	23.314168	19.849059	15.910664	11.623323	20.398463	11.13851	8.634154	9.096854	12.636915	10.748871	9.800944	13.096288	15.732841	14.546279	16.312001	14.658655	15.92585	8.945412	10.755925	9.484596
Niben261Chr06g1170010.1	vesicle-associated protein 2-1-like	8.149008	9.347428	11.197321	11.268177	14.554071	14.02686	6.516229	8.793299	9.106432	9.622554	10.203134	9.29595	11.618967	10.875028	10.342671	10.021815	13.226323	12.632607	18.223644	19.859189	18.526189	9.855936	11.992386	12.159025	13.316936	9.358442	11.355064	13.284877	13.892286	14.400641	12.414053	11.726741	17.876498	9.339937	9.275901	11.533404	7.278408	12.981856	8.423762	14.463628	12.457113	12.614239	14.865664	11.581196	13.499104	7.068596	6.84393	6.811408
Niben261Chr06g1461001.1	Very-long-chain aldehyde decarbonylase GL1-3	9.898148	12.011727	5.661902	12.554969	14.236529	9.923109	4.255429	4.592619	6.631004	5.213881	6.496263	8.845078	10.298506	4.381026	7.864161	7.072293	9.513563	12.674765	16.582487	18.212445	16.935365	9.001975	8.12454	15.627389	15.66453	13.975681	10.337697	16.905835	17.126853	19.204127	15.574202	10.633162	14.023578	8.605406	9.587862	8.363641	8.662595	7.611014	6.169749	10.887233	15.066979	13.734742	14.397599	14.46666	13.018826	7.207293	6.9686	7.032561
Niben261Chr07g0613005.1	Formamidase	2.321191	2.232264	2.979955	4.113957	5.869105	4.896631	2.929429	3.327312	2.934118	2.16011	1.444446	1.736305	2.600104	2.123012	1.888236	2.876318	2.777844	2.883568	4.796416	6.520214	5.958526	4.821835	3.952578	3.393902	4.589854	3.272898	4.280416	8.243434	8.113382	8.75279	7.526234	4.290719	5.849768	1.880006	1.672266	1.672038	2.302937	1.68808	1.954892	2.627533	2.527592	2.612509	4.626064	4.875627	5.563827	3.713965	3.668946	3.141371
Niben261Chr07g0831006.1	Protein pin-likes 1	1.905705	0.650184	2.46989	2.444945	3.68529	3.620294	1.663225	2.203144	3.784359	0.850352	0.710546	0.610218	1.855387	0.254155	1.372723	0.836925	0.663514	0.708379	7.950498	10.470074	6.986552	1.162751	1.486756	3.525283	6.531599	2.278594	2.810292	5.63048	7.677365	6.418014	8.045511	3.948382	9.713807	5.787383	5.105901	2.748199	4.314277	4.596878	2.540116	1.326421	2.961012	1.183621	11.522437	7.903975	5.234476	1.061243	1.31294	1.181932
Niben261Chr07g1255001.1	Fe2OG dioxygenase domain-containing protein	7.291261	5.3378	5.755461	3.502194	3.392419	2.979583	1.904296	1.520653	1.990768	1.003109	0.921989	0.919798	2.295493	1.049358	1.529735	2.185924	2.04072	1.856926	9.931212	14.607237	10.425877	4.979191	6.375843	8.203121	10.172937	8.631338	7.550077	5.636077	5.731306	6.185568	10.751545	3.186734	12.763451	3.071773	7.370332	3.953444	3.202706	4.0589	1.285489	3.967734	4.277139	5.346331	9.828013	11.356502	11.929827	3.047978	3.449521	3.790475
Niben261Chr07g1259002.1	GDSL esterase/lipase	33.613836	37.315761	22.252778	36.674418	43.647577	41.884588	23.336255	28.255175	30.747537	13.210442	11.337315	19.426664	34.401363	14.26287	17.825734	30.996724	31.4584	51.948593	53.764935	51.404185	66.093193	40.07438	35.241509	50.933028	48.717582	45.233316	37.754485	55.124002	56.113514	70.076422	65.440159	57.876131	67.30443	31.569888	18.832982	18.843469	29.330976	30.152181	13.236412	33.642162	46.121716	40.138048	71.334277	55.486418	54.360549	34.512226	33.309263	38.300363
Niben261Chr07g1286002.1	Maternal effect embryo arrest 18	0.598165	0.781696	0.20244	0.727333	0.58782	0.347347	0.510308	0.482384	0.827727	0.553726	0.981691	0.840297	0.8527	0.537803	0.393276	1.022296	1.024481	0.843924	0.66396	1.147302	0.915307	0.792326	1.276424	1.0714	0.788202	0.987811	1.061214	0.961203	1.245877	0.901195	1.733333	0.985361	1.207487	0.73136	0.445022	0.286479	0.254771	0.627685	0.33929	0.863538	0.415798	1.170988	0.544909	0.595245	0.692187	0.740004	1.05243	0.756005
Niben261Chr07g1291008.1	GDSL esterase/lipase	0.591066	0.697752	0.388678	0.328088	0.845974	0.791014	0.152674	0.176485	0.266614	0.155817	0.296715	0.182341	0.614082	0.176921	0.419594	0.561745	0.364734	0.698549	0.827202	0.868797	1.189828	0.219038	0.838417	0.552011	0.398379	0.38886	0.62535	0.5344	0.685757	0.819846	0.52002	0.464076	0.797282	0.362395	0.046368	0.446131	0.281527	0.493392	0.290179	0.253257	0.737704	0.358846	0.827773	1.214597	1.194774	0.337281	0.124606	0.428766
Niben261Chr07g1395012.1	Calcium permeable stress-gated cation channel 1	3.710795	3.569328	2.99629	4.770114	7.176442	4.684703	2.157134	3.933466	6.041732	2.017208	2.375765	2.614222	5.635683	2.592672	2.806331	3.826285	5.689953	6.526712	6.951322	7.875336	6.650463	5.140284	5.9662	5.210969	5.096823	5.343918	5.275243	10.555521	10.743465	8.905591	7.889582	7.040414	9.175796	3.208414	3.19847	2.427865	5.315408	3.274085	2.997169	5.785743	8.03158	6.964834	7.614314	7.220173	7.742894	4.881432	4.39982	5.799552
Niben261Chr07g1466013.1	Inositol hexakisphosphate and diphosphoinositol-pentakisphosphate kinase	3.806241	3.390424	3.173972	6.520691	6.946348	4.900508	3.672422	4.931594	5.150998	4.868836	4.422632	4.209003	6.788269	4.055628	5.497923	2.788024	4.999306	5.126808	11.365869	13.904876	12.117516	5.632999	6.375069	6.797799	4.875273	3.951451	3.55244	9.255377	8.665739	7.750392	12.175153	7.664652	10.890561	5.499741	6.210988	3.751981	4.211255	5.406008	3.713676	3.916798	4.110583	3.283978	5.449255	4.665888	5.849647	2.265046	2.867942	2.904644
Niben261Chr08g0008011.1	O-fucosyltransferase family protein	4.187765	3.55392	3.489468	3.847975	4.166659	3.845003	2.546952	2.666604	3.4141	1.290502	0.917471	1.740449	3.238942	1.304558	1.860657	2.410738	2.987896	4.399328	5.781145	7.835151	6.633882	3.224729	4.235366	5.034469	6.006322	5.206876	4.697738	7.543185	6.591336	7.111403	8.980728	4.524933	11.693059	3.182857	2.141564	2.111341	2.851095	4.101461	2.130635	3.670757	4.373185	4.347767	6.186263	7.008869	7.210337	2.346961	2.560912	2.364676
Niben261Chr08g0066019.1	LEA_2 domain-containing protein	35.123137	32.324453	23.254378	26.17959	47.053554	29.647126	21.501936	21.173475	23.386548	18.119867	17.231378	22.971226	27.285987	23.936296	23.653827	27.909165	33.300369	29.689609	45.783988	58.850141	50.785254	38.310035	34.835607	37.344404	43.40299	39.432067	35.524169	48.98827	52.901393	46.905577	46.704833	34.18194	45.897278	21.489176	21.092535	20.423884	26.320272	32.472645	18.106883	33.594555	48.219004	32.498168	42.510694	44.373621	44.743102	19.238187	21.149896	19.085055
Niben261Chr08g0072014.1	Protein CDI	21.33517	14.514594	12.798922	24.87751	24.201982	17.621687	12.094696	10.843469	15.891808	12.769439	14.758296	14.13321	15.709775	12.280896	11.635212	10.422721	10.08483	10.664457	30.923774	34.167793	35.868331	14.609271	13.213095	22.943228	25.228325	21.67566	18.419802	31.405224	29.558803	32.39113	59.81415	20.992946	51.473825	10.473839	10.839031	6.376987	9.231365	8.508758	11.644163	10.024551	11.927032	13.383203	24.157797	25.620571	21.571609	6.057089	7.284031	7.411164
Niben261Chr08g0093001.1	Protein aspartic protease in guard cell 1	20.017325	17.75079	14.592338	14.645438	12.013934	9.971212	5.47481	7.096695	10.427647	6.633456	5.501199	6.54873	16.893657	8.052734	14.139869	12.189451	15.472792	16.139538	31.863872	43.588368	28.350896	20.461463	24.135932	26.009903	29.593262	20.070834	22.884462	22.286667	24.568414	17.790049	41.84979	23.422509	38.946031	12.288702	13.813978	9.813901	16.618357	18.639731	12.717272	19.536631	22.697821	22.97549	24.998679	32.60814	31.087297	14.643039	17.567	14.496277
Niben261Chr08g0163002.1	Polygalacturonase	3.750616	2.479851	4.370521	4.325849	5.408908	3.990437	1.884846	2.56094	4.691631	3.261846	3.525937	2.722241	4.438465	3.014713	2.875737	4.538192	5.933685	5.968447	7.520886	9.135796	10.285354	3.975706	4.605534	4.283984	4.264709	5.15616	5.126698	6.126069	5.387982	4.621545	4.174939	4.260561	6.077807	3.889611	3.302929	3.159887	3.215133	3.664787	2.081017	4.903911	5.313409	4.114531	5.863566	6.581295	7.377658	2.66019	2.382588	3.724027
Niben261Chr08g0305001.1	Non-specific phospholipase c6	2.13431	1.809218	1.497787	1.626545	1.860998	0.749335	0.442295	0.706762	0.963278	0.980209	1.071148	0.715055	0.920432	0.797783	1.066745	1.126379	1.210747	1.334597	2.446366	2.310276	1.840564	1.63821	1.070461	1.932353	2.347456	1.685459	1.770151	1.889629	2.119664	2.366765	4.589524	1.768969	5.222005	1.220862	1.422451	0.60618	1.381662	1.715548	0.867311	1.535012	1.16537	1.697814	1.473574	1.077309	1.569857	0.695575	0.764513	0.464665
Niben261Chr08g0330001.1	protein SHOOT GRAVITROPISM 5-like	5.414956	2.626602	3.428315	2.286722	3.209171	1.79817	1.720293	2.353077	2.728741	2.627586	2.580165	2.701172	3.624591	1.834013	3.318368	4.73147	4.59639	4.237568	4.828085	6.220831	5.374492	4.731916	5.077273	3.698409	5.251324	5.292325	5.278392	6.19325	5.500487	3.400147	10.703309	4.435271	8.107557	3.08737	2.438421	2.249025	4.232003	3.388094	3.962365	6.793525	4.488103	6.09364	5.272595	4.492174	5.101313	4.177029	3.43674	3.705215
Niben261Chr08g0343005.1	Sialyltransferase-like protein 2	1.222232	2.752708	2.260956	2.304235	3.024136	2.372477	1.255901	1.993242	1.821393	1.664518	1.677199	2.029829	2.168858	2.111341	1.853901	1.750267	3.008409	3.025081	4.020065	4.312166	3.051106	2.857258	2.917654	2.454271	2.121312	2.638085	3.038492	4.402389	3.586993	2.992963	3.805244	2.898394	4.682687	1.809967	2.050214	1.707104	2.538067	1.827264	2.146594	2.606892	2.979426	2.692892	3.700975	2.865341	3.269865	2.565496	2.214069	2.474009
Niben261Chr08g0367020.1	WEB family protein At3g02930, chloroplastic-like	6.77095	7.57342	6.58414	6.750737	9.48053	6.454073	3.457967	4.043331	5.992809	4.231254	3.215787	4.277012	6.137905	5.089498	4.439978	6.033947	8.456266	7.407104	9.721903	14.602689	12.036886	9.052815	8.467832	9.859689	10.66488	9.485398	9.61939	15.902755	14.095768	12.902381	15.03827	8.041129	16.835213	6.615917	4.428078	3.847808	6.74652	6.286073	5.234835	8.167821	11.435469	8.899795	9.997038	10.797875	10.923507	5.258977	6.193582	5.535463
Niben261Chr08g0400014.1	Major facilitator superfamily domain-containing protein 5	40.467565	41.024909	39.920207	37.072753	57.738034	43.194517	21.385979	31.854901	32.777595	14.883232	12.949088	13.690165	25.919437	15.53341	14.694133	25.143444	25.140805	37.912121	43.807522	48.295507	43.140453	36.476594	36.128715	37.889142	47.142868	50.084305	47.695089	55.217549	76.036644	69.316179	96.965001	57.357655	88.795707	15.436781	13.333862	12.071309	13.082857	17.946925	9.605117	15.917478	23.408998	21.288371	37.176197	38.349476	40.978268	18.410135	13.446229	18.449502
Niben261Chr08g0420008.1	Pectinesterase	6.941133	6.300182	5.409576	5.000071	7.070502	5.246232	3.745517	3.133426	5.588548	3.339167	2.423972	2.654145	3.691449	2.4915	2.814902	4.201501	6.665188	5.274503	7.465844	9.426406	6.396603	5.888877	5.545684	6.329642	10.652892	8.138267	8.61171	9.545366	9.040995	8.064604	11.012552	3.94835	10.483657	6.102795	5.503119	2.815458	5.342833	5.489754	3.293429	6.064706	10.243036	8.676364	11.062783	9.144472	8.469164	3.328423	4.185321	4.338574
Niben261Chr08g0568008.1	COP1-interacting protein 7	2.204536	2.284686	1.846779	2.919064	3.404689	1.908673	1.38308	1.299548	1.997469	2.080061	1.39936	1.532766	2.293906	2.315832	1.933703	2.100531	2.676897	2.509928	3.503577	4.059623	2.784643	3.346159	2.833652	3.828733	2.672685	2.866347	2.421474	4.668252	3.408308	2.879454	2.208464	2.122946	3.026168	2.677347	2.003787	1.583793	2.627827	2.458984	1.998351	2.345972	2.916007	2.510776	3.110867	2.850873	3.044631	1.444274	1.795959	1.815598
Niben261Chr08g0596008.1	Non-specific serine/threonine protein kinase	2.784958	3.216261	3.253688	3.51832	3.617907	2.927694	1.624833	3.720261	3.353793	4.459236	3.169175	3.447634	2.387771	2.565026	2.860505	1.9858	2.663122	1.625571	3.529984	4.752309	5.634001	3.546157	3.419604	3.195372	3.327899	3.170099	3.801435	4.080756	3.88973	4.62619	5.445464	4.230968	6.067803	2.010498	3.191695	2.743987	2.773548	1.874202	2.123301	3.130612	3.382162	2.272628	3.118869	3.25316	3.209215	1.602478	1.611496	1.387709
Niben261Chr08g0881003.1	Protein nrt1 ptr family 5.1	0.600335	0.09716	0.156037	0.46862	0.577043	0.348391	0.031677	0.121417	0	0	0.092666	0.131716	0.55677	0.109719	0.666655	0.270976	0.203505	0.297858	1.318566	1.718664	1.170559	0.458271	0.214044	0.57079	1.371121	0.429215	0.208819	0.750809	1.513277	0.856992	1.396958	0.414613	1.519689	0.449682	0.527894	0.08681	0.244451	0.974095	0.231523	1.497651	2.430318	1.730661	1.50592	1.775176	1.415974	0.388423	0.542467	0.211721
Niben261Chr09g0616013.1	Cellulose synthase	11.618211	12.72726	10.858192	18.383112	21.143132	17.429539	8.767314	10.26695	12.009286	10.780595	12.028596	12.44107	13.448711	12.362042	11.624273	12.082762	16.125588	16.391987	25.625082	32.704754	26.031982	15.028526	16.072242	16.356878	14.673276	13.625664	14.823853	19.884784	26.037747	20.416864	18.969239	12.896218	17.960256	9.496343	10.726075	10.889704	14.369991	12.002033	11.124118	12.80521	18.707029	17.406647	16.800434	22.428572	22.513527	11.192132	9.060786	10.632328
Niben261Chr09g1078002.1	ras-related protein RABA3-like	0.758349	0.736453	0.443605	1.221708	0.745728	1.472377	0.990622	0.431477	1.129645	0.276486	0.392425	0.499281	0.666475	0.389907	0.236645	0.440212	0.514082	0.941845	1.788305	1.854692	1.709105	1.768297	1.033996	1.843801	1.661561	1.067644	1.187388	1.130777	1.694027	1.794724	1.833648	1.309813	2.210218	0.425387	1.105851	0.616989	0.496399	0.711511	0.876795	0.34884	0.651077	0.702901	1.459561	1.608465	0.842018	0.424717	0.3296	0.473018
Niben261Chr09g1112017.1	F-box domain-containing protein	2.314532	1.53022	2.044718	2.087192	2.632998	2.092956	1.47331	1.927191	1.760251	1.028252	1.324762	1.40998	1.687433	1.174511	1.661113	1.486083	1.836415	1.937813	2.273151	2.366528	2.475792	2.803484	2.211243	2.278975	2.970172	1.742883	1.453607	2.495941	2.47615	2.291432	4.67042	2.720806	3.73067	0.968348	1.907611	1.313801	1.366392	1.252825	1.233299	0.883221	1.077499	1.350716	2.274111	1.993715	1.919307	1.455835	1.369446	1.572266
Niben261Chr09g1274005.1	Cinnamyl alcohol dehydrogenase	38.232032	33.027556	32.752166	25.969882	28.75401	24.036732	16.637762	16.932074	20.313407	12.231736	17.639817	18.221014	25.50226	18.245226	24.174688	31.091712	29.693372	25.744001	44.489152	55.846308	47.970638	24.222456	28.420553	29.288607	52.930022	39.854573	39.287152	29.036288	39.489978	31.496626	83.651236	20.001684	84.538827	16.019879	26.576521	22.880689	30.725774	24.850621	27.785928	43.161008	45.03816	43.886832	41.13652	46.836914	53.430789	17.411356	16.149198	17.732974
Niben261Chr10g0031003.1	UDP-glucuronate 4-epimerase 6-like	32.775161	25.708924	19.699369	21.697187	37.83077	22.014691	13.493998	16.717002	20.679543	17.475599	12.472225	17.356971	32.038173	16.644225	18.823916	21.108423	40.393243	37.107979	39.99166	44.49253	51.42973	35.04135	24.520305	29.241921	39.121541	32.485947	29.233162	58.551817	45.721793	43.423105	65.2973	38.861537	65.096881	23.871961	21.838575	15.692713	30.679739	29.51527	15.89843	39.088283	62.025106	42.093956	56.120956	42.627208	47.104036	22.171672	21.041276	21.554069
Niben261Chr10g0069001.1	Zinc finger ccch domain-containing protein 32	4.069781	4.220024	3.722405	5.773006	6.93291	4.755604	3.246647	4.136188	5.644245	4.253536	3.976845	3.99469	6.37569	5.125663	6.084279	7.000691	8.279439	5.858334	9.409161	11.507288	9.59453	8.012026	9.841237	8.829543	6.498315	5.151866	4.753865	8.025621	9.307414	8.457914	10.207259	7.467857	13.454866	5.52699	6.571786	4.75191	7.306379	7.782857	6.32141	7.13146	9.85799	8.879354	8.602077	7.653634	10.70816	7.304936	4.996788	6.358836
Niben261Chr10g0446020.1	Proline-rich receptor-like protein kinase perk12	3.374518	1.677127	1.666338	1.521448	1.725173	1.555758	0.888639	1.385266	1.778754	2.276081	1.572384	1.934091	2.938794	1.802099	1.782071	1.630798	2.196594	1.899957	3.301358	4.997333	4.336613	4.869338	5.272903	5.202376	5.099811	3.012654	2.78761	2.114447	4.169503	3.217124	7.153318	3.093885	6.742026	2.999323	2.260426	1.225636	1.824855	2.970312	1.450766	3.102478	2.871775	2.697042	1.688827	2.019924	2.645817	1.424308	2.47152	1.718725
Niben261Chr10g0635002.1	Cyclin	7.017342	9.239516	4.034209	15.969922	13.747198	12.734542	3.953728	5.682912	6.967536	6.237493	5.578757	6.419378	7.837518	2.151973	5.349254	3.313113	3.064411	5.180059	18.831775	25.594049	33.620931	15.643363	15.640391	26.91974	10.668423	13.106643	6.702376	28.840924	20.035949	25.764167	31.849563	15.278325	40.200066	6.68219	4.557743	3.405286	2.739727	2.877026	2.566246	2.734828	3.67396	4.408468	17.45382	21.278799	15.490897	6.393	8.820006	6.052035
Niben261Chr10g0777002.1	Mitotic apparatus protein like	1.290137	1.690918	1.450707	1.500464	1.646443	1.394735	0.9471	0.801725	1.06032	1.005685	0.842468	1.041387	1.471605	1.056766	1.405754	1.539389	1.700665	1.915625	2.802551	2.903352	2.521316	2.372218	1.928194	2.118197	1.880962	1.495543	1.399646	2.286529	2.491197	2.046317	1.405756	1.643282	2.223719	1.271097	0.974314	0.816355	0.953988	0.765841	0.943838	1.089686	1.781368	2.03725	2.121771	2.594677	3.033926	0.85464	0.919743	1.185027
Niben261Chr11g0766007.1	Transferase, transferring glycosyl groups	2.962093	2.63976	1.739219	2.447611	2.013212	1.612009	0.953389	0.859513	1.778688	2.670448	1.630498	2.122115	1.672885	0.978792	1.051593	0.952482	1.218344	1.986426	2.705855	3.959886	3.208802	2.303104	2.701912	3.125239	3.353768	3.774911	2.481644	4.147647	2.708038	2.789206	3.809515	2.00575	4.690521	3.615688	3.131282	2.446926	2.420354	2.611491	2.249044	1.526009	2.329874	2.021717	2.722284	3.461159	2.983238	2.16711	1.737502	2.310167
Niben261Chr11g0974011.1	Cellulose synthase	5.92148	6.591257	5.615161	9.197362	12.300299	8.912534	3.492595	5.8653	6.333816	2.189263	1.954713	2.846024	6.077983	2.996627	3.489828	3.422814	4.952312	6.92863	12.974322	17.319774	13.898406	4.32357	5.252012	6.294205	7.534489	7.751153	6.838048	13.628618	18.322283	15.152722	35.867687	12.998306	37.728771	2.858706	2.658263	1.355429	2.976159	3.355097	1.820382	3.157577	6.259764	5.221211	7.351507	8.514608	9.982363	2.867617	3.157128	3.191281
Niben261Chr11g1047004.1	Protein kinase domain-containing protein	2.35751	1.412557	0.877551	0.933886	0.969817	0.633943	0.354273	0.488285	0.559869	0.484509	0.297545	0.791236	1.072416	0.531555	0.726308	1.045606	1.376082	0.982851	2.444552	2.950338	1.859092	1.240582	1.245259	1.376462	3.291394	1.649219	1.641259	0.705726	1.635174	1.352485	4.126524	1.006679	3.3112	0.371537	0.888409	0.564896	0.885875	0.557839	0.874116	1.278532	1.50345	1.584674	1.250557	1.663641	1.660702	0.709772	0.930665	0.658122
Niben261Chr11g1052016.1	Udp-sugar pyrophosphorylase	2.461625	2.08889	2.455734	3.191079	3.644442	2.722177	2.903301	1.950698	2.361624	3.134793	3.626194	2.82979	2.861784	3.095875	2.400138	1.547222	2.746974	2.716326	3.337418	4.373493	3.263526	3.292463	3.233575	3.101363	3.729708	3.202382	2.953194	3.278258	4.275853	3.475558	2.723225	2.059236	3.634944	2.502728	2.770188	2.123798	2.557658	2.114594	2.746663	2.343061	3.883646	2.41731	3.473772	3.438819	3.434048	2.548945	2.229846	2.25002
Niben261Chr11g1101001.1	Abscisic stress-ripening protein 1	536.458869	311.216316	566.985191	512.190962	586.192321	549.71486	498.601354	531.620199	678.075416	262.727103	257.519899	243.841552	504.644852	196.033921	483.637021	319.322475	230.154664	390.587902	710.138728	969.234907	806.89575	894.123304	850.71972	978.342452	811.162035	564.09862	783.991835	1152.456582	1121.78556	921.059397	1080.484915	1263.797471	1106.366121	698.950103	754.079538	509.034102	749.928672	933.741199	758.169619	453.258712	481.49901	549.683674	1396.330542	1125.023712	1071.108192	662.732425	596.300959	650.423156
Niben261Chr11g1272002.1	Sulfate transporter 3.3 like	2.59467	2.519537	1.637164	2.731917	4.563455	2.092769	1.199744	1.367138	2.677949	2.917744	2.213627	2.516779	2.699652	2.330453	2.729724	1.862391	1.96757	1.90428	3.643233	5.313951	4.987266	3.78662	3.109783	3.451987	4.223867	3.707257	3.114845	3.800015	5.315496	3.59002	2.641088	2.475712	2.351242	2.416783	2.92939	2.265943	3.39591	3.47419	2.209874	2.543449	2.72435	4.580831	3.923923	4.633613	4.446564	1.804486	1.542771	2.418452
Niben261Chr11g1426007.1	Glycerol-3-phosphate dehydrogenase [NAD(+)]	1.763129	1.069869	1.649842	1.850727	1.927149	1.260774	0.502485	0.701965	0.494818	0.342391	0.668805	0.439756	1.471506	0.565298	1.211807	1.023185	0.776903	1.001496	2.778748	3.436165	3.000086	1.384282	1.074422	2.674099	2.749056	1.788644	1.971683	1.752309	2.09282	1.867763	2.611848	1.569357	2.837953	1.288007	1.175482	0.573651	0.954036	1.324047	0.339742	1.135373	1.085166	1.241502	2.126423	2.107356	2.043907	0.552851	1.105946	1.011826
Niben261Chr12g0071001.1	Protein GL2-INTERACTING REPRESSOR 2	6.220975	5.839475	4.608191	4.078046	6.521889	5.931938	3.938994	2.925229	3.911987	2.61804	1.716431	2.183814	6.194592	3.240294	2.072513	2.166128	5.061537	4.277994	9.469018	11.111573	9.441723	9.566206	11.173508	17.902653	12.613904	6.171478	5.935465	12.158721	14.396318	9.158297	12.956771	7.303811	14.720665	5.126111	5.182387	5.39731	8.033464	4.324166	3.675231	4.958837	6.761329	7.071183	13.193581	7.675681	8.593468	6.130331	6.727652	6.620606
Niben261Chr12g0189007.1	Sulfite exporter TauE/SafE family protein 4	17.230012	8.150573	11.86604	4.88605	3.484718	4.351487	4.586877	7.392376	6.864746	6.125196	6.05727	8.933117	11.243299	6.33285	12.728929	8.249475	6.474447	8.138553	8.311806	15.787249	13.95458	9.497062	10.401627	11.547622	20.664142	11.740948	20.581423	8.126736	6.77994	8.180612	15.733612	15.873815	23.839991	10.739977	16.481215	9.204984	5.596523	11.375735	8.556388	9.772083	12.825995	10.739024	6.194418	11.482358	10.282862	8.554364	6.930653	9.593607
Niben261Chr12g0229001.1	Adenosine kinase	19.343491	21.479426	12.677329	21.884233	22.873468	24.674804	15.347685	16.226469	16.510803	10.909687	12.224668	11.186078	10.623396	10.878509	9.327611	12.837662	13.550721	18.450103	24.638682	26.792558	24.24759	13.554583	15.558873	23.485205	24.126637	24.682908	16.523317	25.632321	31.917117	36.770894	59.077982	20.744271	59.177358	12.467265	12.365932	10.329371	9.391901	11.308787	11.990619	12.245278	16.730972	13.22804	19.007997	18.406668	17.574211	7.04237	8.775117	10.037144
Niben261Chr12g0272012.1	UDP-glucuronic acid decarboxylase 1-like	6.116992	6.431131	5.917233	10.72906	14.682111	10.299786	7.819112	9.627313	13.65413	8.137084	8.819398	9.021131	9.294172	9.002369	8.657122	13.61228	14.28218	16.903264	14.769659	15.60835	17.669087	14.536064	17.435999	14.416125	8.393051	8.471728	8.104386	15.357632	18.993724	15.152833	14.847602	13.912415	16.714594	9.405585	6.494921	8.858459	7.656801	10.626522	7.619813	13.832585	17.087772	15.2743	11.988195	14.576946	14.884769	11.248166	11.404292	13.032124
Niben261Chr12g0479021.1	Protein kinase domain-containing protein	1.610442	1.274128	1.54139	1.306161	2.026194	1.393829	0.812497	0.650751	1.326438	1.012443	0.605748	1.313273	1.434158	0.877405	1.327755	0.969509	1.94719	1.588976	2.661226	3.468671	2.49482	1.944916	2.00854	2.720433	2.041631	2.159515	2.50117	3.677311	3.076564	2.679938	1.769254	1.610829	2.504722	1.645993	1.546828	1.046733	1.23241	1.404726	1.037637	1.156727	1.628355	1.441406	2.583769	2.464099	1.717529	1.316979	1.20181	1.213674
Niben261Chr12g0849012.1	Chr4:7482643-7484328 REVERSE LENGTH=561	2.028183	2.803406	2.515752	3.492224	3.574872	2.970141	1.827277	2.17542	2.575557	2.03786	1.47858	2.217284	2.366642	1.634091	1.818222	2.643467	3.154453	3.081026	4.310772	4.40408	4.822298	3.252591	4.014222	4.401512	4.143209	3.403326	2.856169	4.76221	5.803121	5.525652	7.263144	3.815859	7.135092	2.297687	1.77086	1.834839	2.570053	2.731783	2.194284	2.963794	3.555594	2.599044	3.501008	4.646155	3.813296	2.780163	2.221845	2.533246
Niben261Chr12g1306001.1	Protein kinase domain-containing protein	3.760167	4.340424	3.092316	3.287469	4.091253	2.879783	1.824548	1.936514	2.392599	2.90787	3.076392	2.782726	3.052707	2.443776	2.717638	2.998382	4.362232	4.264572	4.15893	6.305284	4.964576	4.512411	3.795214	3.323156	4.95176	6.397111	6.049105	7.098408	6.44784	5.413856	4.189493	3.53365	5.274958	3.560057	2.60753	2.43345	3.057861	2.950938	2.312491	3.818637	5.271328	5.018711	5.483553	5.742605	6.32981	3.380218	3.549608	3.895092
Niben261Chr13g0030002.1	Kinesin-like protein	2.727046	2.709211	2.544576	3.918126	3.704045	2.662196	2.386985	2.416212	2.909284	3.7146	3.469043	3.062398	3.439569	3.382289	3.121565	3.385917	4.33437	3.954309	4.436357	4.948868	4.261085	3.474881	4.356218	4.81325	3.583874	2.366647	2.603454	5.007963	4.437844	3.928704	4.314485	3.66386	4.708395	3.737119	2.842167	2.813872	3.865462	3.311346	3.211759	3.487495	3.907964	3.423494	3.855067	4.622318	4.723979	2.660873	3.254735	3.17489
Niben261Chr13g0218004.1	5-methyltetrahydropteroyltriglutamate--homocysteine S-methyltransferase	43.353341	49.337447	43.407714	50.828932	59.950652	48.949056	41.257627	46.104913	41.844808	42.693875	52.655976	36.580765	48.447114	49.638214	45.945078	38.693376	46.48519	46.118712	50.02469	56.11973	43.189554	29.166776	30.231788	36.132662	51.414285	54.352522	49.952484	73.782186	71.302718	65.865434	79.471102	54.571988	95.045862	48.16022	53.200442	47.981063	54.144231	52.188731	60.658558	43.422891	53.472125	42.929581	47.538216	39.125034	41.052212	23.927601	22.721098	22.850881
Niben261Chr13g0222008.1	Exostosin domain-containing protein	0.359805	0.232924	0.140277	0.162664	0.377209	0.45745	0.07594	0.127345	0.396946	0.427084	0.220609	0.342079	0.245878	0.526063	0.299672	0.232006	0.271061	0.27492	0.476229	0.748075	0.606761	0.51012	0.410315	0.652982	0.700703	0.643139	0.071519	0.238383	0.530607	0.357332	0.802913	0.35893	0.720094	0.134764	0.266432	0.156083	0.167436	0.166732	0.338873	0.33093	0.480246	0.325998	0.164104	0.308293	0.512802	0.501401	0.231613	0.079775
Niben261Chr13g0634007.1	Pectate lyase	8.466658	7.984864	9.317391	8.605463	9.90611	9.708452	5.684321	7.029283	8.835824	0.986514	0.867418	0.860082	2.125455	0.676695	0.926372	2.35705	3.906711	4.882463	13.447724	18.183365	15.424417	3.988715	4.18973	7.023368	18.047978	12.536354	15.286028	13.746032	21.172544	21.205965	36.458708	18.465063	36.273575	3.315623	2.853241	1.824946	1.367464	2.865656	1.08095	2.180369	4.980006	3.80144	10.671676	13.355499	10.719709	1.906907	1.737879	1.689758
Niben261Chr13g0813006.1	Protein early flowering 3	0.534746	0.203061	0.081602	0.315474	0.164569	0.13288	0.066273	0.126875	0.045347	0.044502	0.033587	0.152928	0.102182	0.191256	0.038743	0.350664	0.50431	0.372658	0.103894	0.197584	0.242121	0.410881	0.551791	0.271141	1.150403	0.504803	0.457697	0.554573	0.474476	0.29332	1.435694	0.449648	0.985692	0.235164	0.058116	0.090806	0.073051	0.155172	0.197121	0.534436	0.418688	0.603424	0.143192	0.232832	0.091788	0.270542	0.35009	0.208599
Niben261Chr14g0143011.1	seed biotin-containing protein SBP65-like isoform X2	0.067699	0	0.171558	0.114773	0.026615	0.110664	0	0.09242	0.100828	0.032874	0.046697	0	0	0	0	0.314303	0.068852	0	0.16801	0.316697	0.128436	0.265796	0.189858	0.236948	0.530089	0.054455	0.151388	0.269118	0.155515	0.088986	0.453218	0.197944	0.645559	0.114105	0.112776	0.088104	0.070884	0.084703	0.052168	0	0.029045	0.100372	0.150523	0.104412	0.033399	0	0	0.067545
Niben261Chr14g0554006.1	Dolichyl-diphosphooligosaccharide--protein glycosyltransferase subunit 2	3.090602	3.110312	2.98881	4.223982	4.136237	3.848361	2.82583	3.544002	3.547994	2.979308	2.859917	3.173804	3.997199	3.079023	2.914553	3.462709	3.990695	4.793181	4.813449	5.072344	4.836272	3.811078	3.822118	3.800494	3.326291	3.426009	3.023689	4.502948	5.343534	5.340526	5.531123	5.013592	8.040592	3.070679	2.877648	2.589811	3.009373	3.864539	2.755628	3.821328	4.885622	4.880762	4.277147	4.457384	4.608778	2.702719	2.205591	2.444213
Niben261Chr14g0593007.1	GATA transcription factor	5.44901	6.836975	4.511364	4.110359	6.547005	3.502813	2.325978	3.956188	3.221885	2.735149	2.702809	2.74028	6.13238	1.711985	2.192678	3.481994	3.528493	6.455738	7.718647	13.331081	9.118009	4.62725	4.005907	7.047685	10.79404	10.292577	6.29786	18.071022	8.657304	7.983209	18.489873	6.088807	17.255384	3.71492	2.550169	2.62937	5.064291	3.574792	2.972266	3.716557	6.881928	6.490238	11.937544	7.743011	5.557729	3.619964	3.972683	3.909472
Niben261Chr14g0673029.1	Actin	9.571855	8.131994	9.588475	9.983455	11.276586	10.276964	7.393254	6.698068	10.133258	7.342973	7.760596	8.723997	8.447004	7.173496	7.490591	9.735606	11.768468	11.897016	12.782947	13.37887	11.814721	9.280113	10.652293	10.0285	13.901318	11.872261	11.710849	12.356715	16.468212	12.731431	10.63946	10.275514	10.657472	8.351913	7.364084	7.368249	9.280681	9.261637	8.329905	11.283243	13.630406	12.28635	11.44444	13.380036	12.172626	7.113157	7.9608	7.504556
Niben261Chr14g0783007.1	Methyltransferase	5.546982	4.654329	5.513593	5.292496	7.511291	5.741609	4.259971	5.219478	5.537715	4.167254	4.071361	4.650301	5.587283	5.473964	4.623622	5.749382	8.820202	9.261486	9.379695	11.143301	9.09358	8.20422	7.77462	7.517642	7.162025	5.472119	7.822585	8.784436	9.276817	8.777192	8.277531	7.587145	10.181775	5.650244	5.304598	5.191104	6.27731	6.974993	5.125185	8.055229	11.182158	8.720623	7.40796	8.893489	8.759291	5.950006	5.775769	5.186001
Niben261Chr14g1016002.1	Pollen-specific protein sf21	13.187768	11.760669	5.923739	6.05975	11.331684	9.612062	2.636856	5.372931	4.565289	1.99212	2.6594	3.343579	8.772372	3.196284	4.269383	6.67411	7.914606	10.596368	14.681223	17.916228	15.228664	8.301863	8.430262	12.227731	18.710458	14.307717	8.956836	15.27756	14.85681	14.495329	29.808881	9.036138	25.448354	4.216222	3.071655	2.17565	5.607898	4.898071	2.618312	6.386892	9.689408	7.600134	13.728435	10.345601	9.346478	6.143256	4.075013	4.944604
Niben261Chr15g0032003.1	Leucine-rich repeat extensin-like protein 2	2.894367	3.323788	2.708216	2.850291	3.839138	3.147303	1.051784	1.866828	2.024172	0.977713	0.659701	0.977386	1.216228	0.724465	1.215801	1.694292	3.907815	3.384603	4.647064	6.443475	4.607718	3.013841	2.938328	3.053779	4.489131	5.304047	3.827122	12.181015	5.97426	4.896162	3.631933	3.806642	4.506693	1.329174	0.901562	0.55682	1.55479	1.490525	0.950324	2.17597	4.815839	3.302373	4.597372	4.619248	5.066032	2.119417	2.303834	2.034002
Niben261Chr15g0250007.1	Protein kinase domain-containing protein	0.509021	0.9147	0.568776	0.514673	0.933579	0.505916	0.220049	0.436519	0.69713	0.330361	0.440565	0.430025	0.762055	0.385029	0.379214	0.561395	0.833058	0.614566	1.068446	1.461242	0.563973	1.341116	1.379103	1.37184	0.97805	1.143449	1.192487	1.602312	1.667216	1.132942	1.947139	0.764994	1.802397	0.583875	0.463941	0.437597	0.656437	0.762329	0.396567	0.845521	0.827826	1.009966	0.903199	1.116223	0.836996	0.636308	1.146465	0.407226
Niben261Chr15g0441006.1	Dolichyl-diphosphooligosaccharide--protein glycosyltransferase subunit 2	0.446799	0.647986	0.937983	1.062841	0.864536	0.757116	0.522314	0.516932	0.358273	0.549716	0.372566	0.738038	0.635075	0.597922	0.581904	0.658528	0.935725	0.978531	1.248491	1.261675	1.016489	0.809834	1.065428	0.961805	0.768464	0.710667	0.675944	0.685605	1.121688	1.111287	1.263042	0.701661	1.078469	0.442525	0.800772	0.480272	0.541187	0.540503	0.485571	0.603294	0.801629	0.816493	0.508948	0.703063	0.971553	0.437146	0.688964	0.647949
Niben261Chr15g0479014.1	C2 domain-containing protein	4.2892	3.978726	3.963979	4.000379	5.162492	3.614565	1.952318	2.3871	2.727745	2.793566	2.52541	2.731057	3.27912	2.83381	2.779226	3.094081	5.066274	4.582904	6.024713	7.761458	5.76556	3.693527	3.671402	3.731379	4.758577	4.37682	5.497455	5.680346	7.221617	5.785603	4.666712	3.59385	5.233982	2.940458	2.52338	2.55445	3.709306	3.580889	3.083501	4.000555	6.20296	4.970319	4.394431	5.178216	5.092513	2.417137	2.479905	2.416031
Niben261Chr15g0758004.1	UTP--glucose-1-phosphate uridylyltransferase	1.311627	0.678503	0.817475	1.362516	1.261627	1.464491	0.747048	0.803501	1.410369	0.593141	0.662857	0.488306	0.767383	0.295189	0.545907	0.608647	0.710487	0.566451	1.17039	1.299403	0.994098	1.071169	0.924534	1.087694	0.945033	1.089023	0.664367	1.910374	1.839345	1.504275	1.381612	1.099022	2.454261	1.34999	1.019076	0.739152	0.777478	0.910935	0.856634	1.304908	0.786122	0.906701	1.210654	1.293872	1.244209	0.483728	0.405158	0.566327
Niben261Chr15g0768012.1	Glutamine synthetase	0.228566	0.29593	0.089111	0.103333	0.119811	0.06227	0.072362	0.06934	0.151296	0.073992	0.315319	0	0.200821	0.062659	0.126911	0.176858	0.258288	0.291072	0.378156	0.32401	0.216813	0.224345	0.293234	0.533323	0.235653	0.245134	0.272595	0.757163	0.31114	0.160232	0.226689	0.052618	0.161449	0.256827	0.253876	0	0.079773	0	0.11742	0.210224	0.261494	0.451833	0.312741	0.352517	0.15035	0	0	0.152031
Niben261Chr15g0900011.1	BAG family molecular chaperone regulator 1-like	3.228526	3.063788	2.746258	2.686967	3.80778	3.418361	2.508836	2.237111	3.205612	1.211424	0.809803	1.159101	1.740652	1.267257	1.527814	2.469756	3.830762	4.42905	5.499292	7.988394	6.612232	3.601027	3.624228	3.937839	2.496468	3.482202	4.003586	7.364983	3.970387	3.780733	6.877125	2.988862	9.018309	1.731407	0.978009	0.954909	1.690201	2.325736	1.187382	3.981741	4.029424	3.970741	6.023868	5.205686	3.764757	1.840528	2.210514	1.903424
Niben261Chr15g0943004.1	dentin sialophosphoprotein-like	21.59919	20.689038	18.118164	18.193008	23.937536	17.65342	11.231783	13.920361	14.677334	11.888268	10.887436	11.932943	17.689234	14.36762	16.157886	15.483968	20.426362	18.053064	29.554298	33.915888	31.659841	18.850047	17.883147	25.294174	25.845974	25.647555	20.937187	45.358719	26.741472	28.724684	33.423141	19.473014	35.104301	14.029244	13.576331	11.447164	18.13825	17.262105	15.26953	21.416447	21.279555	20.648432	32.721223	20.292679	23.385084	10.134422	11.975506	11.823268
Niben261Chr15g1147007.1	COBRA-like protein	12.959681	14.282432	11.457298	16.936417	23.134251	18.301172	10.040476	10.315388	11.762693	9.940522	11.042485	13.476328	14.738784	11.428579	9.936621	11.096665	19.163628	17.699482	26.659041	31.312684	27.215015	16.446854	15.168252	18.661628	20.324209	16.336143	14.035768	27.441291	28.595451	27.647828	25.262837	18.88372	27.104202	10.098574	12.72252	10.733069	13.132495	11.32975	11.920016	15.699759	24.79634	18.126003	23.126105	25.658363	23.990949	12.951585	10.332844	13.864909
Niben261Chr15g1489008.1	Sterol 3-beta-glucosyltransferase ugt80a2	3.978504	2.467211	3.425573	3.558985	4.633744	3.653308	1.980977	2.844891	3.251864	2.080637	2.273078	1.911028	2.598847	2.330558	2.483946	2.823466	4.680603	3.730275	5.828927	7.59723	5.324686	4.113031	5.047823	4.028395	4.227558	3.214006	4.257996	5.55478	5.116553	4.595177	5.666703	4.407015	5.706797	3.474276	3.753288	3.27773	3.809617	4.793093	2.404969	3.745971	4.833384	5.058792	4.828975	5.35697	6.055452	2.919258	3.089703	3.413909
Niben261Chr16g0052013.1	auxilin-like protein 1	1.837416	2.075205	1.769477	1.70315	2.17654	1.702863	1.43212	1.453199	1.839936	1.314205	0.972599	1.438606	1.76898	1.39994	1.845509	3.461084	5.383245	4.014311	3.458911	5.642036	4.346589	4.053667	3.866918	4.172548	2.439753	2.293762	2.405633	4.063825	4.322268	3.717584	7.241975	3.166012	6.449112	2.827298	1.73391	1.346727	1.849575	2.634727	1.336715	4.662356	7.154011	5.405438	3.063153	3.90826	4.439916	2.078194	3.006306	2.145559
Niben261Chr16g0422002.1	Phospholipid-transporting ATPase	0.174948	0.141544	0.068195	0.34591	0.458517	0.333614	0.240838	0.189058	0.217049	0.127406	0.12068	0.191907	0.332947	0.143856	0.253529	0.139726	0.266822	0.233858	0.559841	0.830653	0.613874	0.472082	0.583682	0.510209	0.285539	0.316567	0.195433	0.457072	0.744058	0.494615	0.693892	0.32212	0.517601	0.262146	0.182144	0.18967	0.228958	0.194508	0.264824	0.294983	0.312612	0.259334	0.38895	0.550761	0.517727	0.208904	0.253344	0.363648
Niben261Chr16g0485002.1	Protein SPIRAL1	384.239548	364.920547	433.770263	306.865144	299.869633	313.602418	265.167429	317.936591	304.982065	270.375957	283.968305	307.435867	305.729393	342.086096	374.008842	375.963466	331.424793	323.320633	362.453666	480.294138	379.716507	388.981334	482.404224	459.169124	402.715829	311.5134	360.810707	276.723478	371.173177	387.336198	516.990459	479.408271	572.683975	388.880161	367.081002	384.94838	312.631677	453.676756	332.680124	457.028564	367.461481	387.905588	300.012584	412.23344	386.563699	239.414729	263.721018	216.541442
Niben261Chr16g0510001.1	Calcium uniporter protein	0.418406	0.181385	0.068776	0.566444	0.676805	0.3926	0.168812	0.191744	0.383717	0.327962	0.195164	0.264341	0.477632	0.405493	0.666285	0.437194	0.555895	0.623841	0.710427	0.944006	0.91383	0.559161	0.547746	0.442739	0.901508	0.573195	0.742359	0.834642	0.597206	1.061362	1.622457	0.345186	1.302308	0.804506	0.462894	0.485458	0.446561	0.618433	0.432735	0.764639	0.36438	0.386514	0.76477	0.725975	0.952001	0.54575	0.933266	0.733869
Niben261Chr16g0744005.1	Non-specific serine/threonine protein kinase	27.359093	24.630136	23.378303	12.584416	7.602447	4.854945	5.600533	6.017736	18.554797	14.232615	11.364853	12.471314	10.971385	8.593755	11.591942	8.404139	11.259364	10.833264	17.754408	25.888523	29.736062	7.575251	6.786334	7.216778	19.088005	23.05282	16.21124	27.361806	6.905613	7.36331	21.673145	13.594723	46.353117	12.959318	13.0392	14.670871	11.122499	15.840598	10.491113	26.160467	30.804485	26.034809	15.48408	20.094874	28.620712	16.546828	9.846836	15.616731
Niben261Chr16g0833009.1	endochitinase A-like isoform X1	0.806765	0.646307	0.54497	0.564381	0.575224	0.326324	0.094585	0.517217	0.429389	0.807749	0.780011	0.672871	0.759882	0.368794	0.693148	0.501401	0.92474	0.646888	1.1761	1.713909	1.48374	0.537796	0.576321	0.853892	0.58327	1.034309	0.624236	1.223557	0.991657	1.071694	1.11423	0.750744	1.022469	0.710465	1.289016	0.442427	0.779669	0.79207	0.95835	0.428137	0.656537	0.526589	1.622473	0.732054	0.630528	0.507008	0.329583	0.69753
Niben261Chr16g0966005.1	TBC1 domain family member 8B-like isoform X1	1.222362	1.22012	1.174046	1.228342	1.484094	1.19247	1.081318	1.268606	1.181044	1.237276	0.871978	1.005914	1.634809	1.003603	1.166412	1.107124	2.130477	1.529369	1.822231	2.363718	2.015581	1.838015	1.729556	2.068766	1.765057	1.379445	1.652504	2.37252	2.669782	2.326668	1.544579	1.338335	1.858328	1.464964	0.755516	1.032649	1.477584	1.346504	0.805664	1.55163	2.070043	1.21088	1.663019	1.72313	1.486491	0.739449	1.206465	0.861268
Niben261Chr17g0012010.1	transcription factor bHLH122-like	1.493359	1.540845	1.255399	1.297523	2.054842	1.373118	0.886538	0.806972	1.621768	0.725153	0.901322	1.044426	1.968006	1.228168	2.060008	2.112434	3.290715	2.175155	2.547867	3.334197	2.213614	3.939151	4.580189	3.847556	2.069027	2.289782	2.295855	2.736307	3.930731	2.846232	4.58211	2.352768	6.032495	1.940189	1.205167	1.336125	2.589636	1.907244	1.510434	2.961553	3.523928	3.079052	2.250846	2.375264	2.762787	2.132147	1.892563	2.141818
Niben261Chr17g0082002.1	Serine hydroxymethyltransferase	0.654457	0.398716	0.523394	0.416065	0.96482	1.103231	0.466426	0.666952	0.406724	0.278361	0.282146	0.188449	0.343413	0.26929	0.476997	0.238272	0.29918	0.406271	1.38649	1.566838	0.8115	0.4017	0.63028	0.619281	0.927778	0.884099	0.366389	1.058063	1.541535	1.302963	3.30969	0.876153	3.24869	0.414015	0.374978	0.159697	0.128577	0.146975	0.157554	0.075243	0.487858	0.181869	1.705263	0.915927	1.373659	0.439712	0.522807	0.191006
Niben261Chr17g0386010.1	Acetyl-CoA carboxylase	2.111711	1.881425	2.81993	2.340971	2.597814	1.624317	1.118977	1.809037	1.853775	1.064232	1.059439	1.17582	1.830939	1.304217	1.372918	1.932871	2.624857	2.361285	2.704003	3.391088	2.636742	2.398957	2.821557	2.731633	2.934942	2.226074	4.543538	3.016995	3.639802	3.191952	7.284511	3.523394	7.966091	1.850735	1.713346	1.520571	2.201588	2.077223	1.236946	1.996721	2.687084	2.324529	3.038213	3.190566	3.056896	2.050453	2.185074	2.073844
Niben261Chr17g0537006.1	Flotillin-like	0.096547	0.093751	0.112922	0.130944	0.151547	0.07891	0.091697	0	0	0	0	0.063547	0	0	0	0.112058	0.130172	0.295078	0.14376	0.164235	0.274746	0.189528	0.123863	0.07499	0.098853	0	0	0.287845	0.147855	0.151706	0.143631	0	0.409179	0	0.160204	0.125646	0.101089	0.080531	0.074397	0	0.082842	0	0.099077	0	0.190524	0	0	0
Niben261Chr18g0131008.1	Glucomannan 4-beta-mannosyltransferase 2	8.871013	7.10964	5.728505	5.756521	5.920076	4.097599	2.236526	2.577542	4.796171	1.919647	1.232807	1.863121	3.912852	1.45963	1.994993	2.59149	3.887055	3.474042	9.212562	13.56632	10.885013	5.091613	5.252895	8.404404	14.778049	13.044151	10.278568	10.69536	12.089874	10.883667	31.04458	7.666896	33.721478	7.107508	3.467938	2.898494	4.755185	5.993856	3.086253	4.106523	7.210423	8.244759	6.710994	10.038638	8.759374	4.535271	5.03248	4.618321
Niben261Chr18g0146001.1	Serine/threonine-protein kinase	0.941774	0.881943	0.70811	1.109934	1.256713	0.742172	0.479179	1.11751	0.935401	0.555236	0.51041	0.265661	0.650053	0.802235	0.560209	0.429471	1.003578	0.796636	1.135469	1.544711	1.020975	0.990486	1.510258	1.830837	0.97081	0.946841	0.992775	1.671271	1.743174	1.444036	2.87718	1.417058	2.744041	0.794063	0.689071	0.39395	1.172638	0.841601	0.388776	0.666878	0.692611	0.94741	1.311868	1.167194	1.260928	1.235376	1.169172	0.872559
Niben261Chr18g0237002.1	Cellulose synthase	9.769018	9.942307	8.055859	10.392961	13.978699	9.856843	5.920235	6.267987	7.015465	7.068766	7.770271	7.435307	10.674257	9.086495	8.060582	9.945423	14.643592	13.911791	16.976975	20.623648	17.182954	10.508067	10.872327	12.418938	11.141262	12.114494	11.044379	14.630374	19.945252	17.237985	15.357633	11.233218	16.1421	7.374232	7.274547	8.336859	9.883976	9.716022	7.225235	11.01305	19.459867	15.705217	14.978177	17.983441	15.954886	8.324974	7.030595	8.944464
Niben261Chr18g0399004.1	L-arabinokinase	0.323822	0.448309	0.285751	0.425005	0.296314	0.230014	0.229182	0.314873	0.221185	0.152508	0.127175	0.097064	0.128135	0.111507	0.138056	0.297792	0.299965	0.402412	0.308701	0.430963	0.417301	0.361613	0.390122	0.476557	0.621366	0.51887	0.426687	0.429253	0.6391	0.629241	1.151454	0.598625	1.504823	0.393547	0.221708	0.119739	0.15084	0.205401	0.085206	0.271086	0.484901	0.27321	0.293444	0.283864	0.261236	0.297206	0.156304	0.275761
Niben261Chr18g0652005.1	Loganic acid methyltransferase	4.752834	2.414934	1.874528	0.899461	1.433984	2.484324	2.309538	4.753101	3.511889	0.053672	0	0.254631	0.242784	0.181806	0.920583	1.796043	3.522288	3.040367	7.049645	7.943991	7.915967	4.285347	3.084229	5.158135	4.900191	2.400481	2.619978	5.107823	6.375849	7.496735	12.990373	5.457986	11.47693	1.800862	1.289091	1.006914	0.694384	2.258788	0.425867	6.862104	15.36422	9.422781	5.784798	4.858448	3.544456	1.188224	0.960536	1.047655
Niben261Chr18g0674001.1	Receptor-like serine/threonine-protein kinase	0.171418	0.06399	0.17448	0.223329	0.438507	0.177596	0.061995	0.132821	0.08699	0.065932	0.023865	0.083378	0.229318	0.127488	0.139959	0.275158	0.31586	0.285313	0.295746	0.396357	0.270569	0.252814	0.251022	0.275609	0.312059	0.169051	0.136702	0.591227	0.49049	0.451749	0.258448	0.120422	0.416359	0.12258	0.054637	0.054097	0.183998	0.111811	0.05131	0.201381	0.413323	0.113257	0.383476	0.302093	0.258378	0.038743	0.229685	0.200292
Niben261Chr18g0699003.1	Obtusifoliol-14-demethylase	17.337332	15.652465	16.753819	26.534046	27.842884	20.487584	17.684652	16.528496	17.328173	19.744459	14.424464	18.038468	20.782262	18.50924	17.97256	13.360346	16.425474	18.037372	44.232635	51.214393	41.54712	23.707717	23.994127	25.805312	18.059998	13.126555	16.065927	35.269483	37.300447	34.262926	38.397655	26.925133	40.474674	13.580023	17.072396	12.435596	17.325277	13.690994	18.271595	10.197193	17.791545	14.721012	23.487996	26.260302	29.697744	16.14689	10.170157	13.400189
Niben261Chr18g0990003.1	microtubule-associated protein 70-2-like	2.803056	2.798129	2.359388	3.451016	3.469236	2.811279	2.866432	2.178866	2.594639	3.425846	3.241673	3.436553	3.920427	3.496359	3.847558	3.034387	3.442113	3.504395	4.732181	5.743106	4.356214	3.119733	3.594546	4.054823	4.091009	3.422079	3.381048	7.377341	4.814104	4.362718	4.447189	3.41048	5.432238	3.935725	4.128556	3.78328	4.77228	3.552926	4.21983	3.771899	4.693838	4.148121	4.11916	3.973181	4.213039	2.402425	2.309016	3.113314
Niben261Chr18g1248005.1	Detected protein of confused Function	1.255785	0.886639	0.570682	1.176018	1.430922	1.142699	1.593659	1.16396	1.715462	0.299023	0.875424	0.633015	0.493054	0.338023	0.660418	0.500683	0.663569	0.390077	1.36861	1.690275	1.932448	1.015725	0.84282	1.960424	1.679016	1.6622	1.545915	1.925737	1.973449	2.209016	3.252083	0.9015	2.657688	1.020616	0.805267	0.650948	0.228888	0.304786	0.191214	0.448519	0.680441	0.329742	1.007363	1.041828	1.230544	0.358521	1.168309	0.794402
Niben261Chr19g0176012.1	Chr4:7482643-7484328 REVERSE LENGTH=561	4.089153	4.50615	3.471363	5.194189	5.601667	4.974328	4.007757	3.40652	4.977013	3.064276	3.337668	4.12602	5.527313	3.92976	4.829656	5.712466	6.553612	7.278261	7.769266	9.660877	8.685597	7.478793	7.758706	8.042605	4.82293	4.918077	4.57942	8.153067	8.587913	7.007441	7.651943	5.479923	9.93916	4.242331	4.653129	4.504034	7.542414	5.148631	5.333414	6.718928	6.966016	8.049415	8.46776	8.839226	8.923469	5.755005	5.553834	4.947848
Niben261Chr19g0186001.1	fasciclin-like arabinogalactan protein 2	94.656026	84.330566	55.554983	42.804156	69.359318	54.502013	24.016978	26.212802	40.375885	6.969209	4.108073	6.940371	19.000753	7.347086	10.977743	30.709601	85.692982	54.719208	91.104163	158.236706	119.193293	54.767305	47.566514	68.571782	142.334506	147.445207	114.228853	194.105442	160.284609	129.513772	132.103243	68.169162	176.996998	39.000325	18.503473	16.327278	18.349695	41.451797	13.278981	66.271399	128.845149	87.466984	123.436892	115.721163	112.037176	21.122747	26.302177	21.381864
Niben261Chr19g0883014.1	protein trichome birefringence-like 2	1.983362	2.068075	1.774553	1.607612	1.52789	1.650599	0.611233	1.002403	1.714655	1.334044	1.090199	1.046551	1.131568	0.9079	0.857115	1.423963	2.305795	2.406146	2.635529	3.989465	3.19838	2.844515	2.0057	2.831431	2.957639	2.699875	2.590321	3.701123	3.041548	2.217257	3.146753	1.75331	4.115622	1.605834	1.385837	1.107532	1.414005	1.641645	0.850702	1.621504	2.719148	2.144523	2.077777	3.079925	2.808283	1.227577	1.254723	1.49683
Niben261Chr19g1140013.1	ANK_REP_REGION domain-containing protein	1.107319	0.734054	0.643318	0.842917	0.928297	0.556027	0.294502	0.574672	0.71268	0.502734	0.831547	0.57568	1.098404	0.841734	0.936839	0.8771	0.864893	1.027012	1.271126	1.63022	1.759641	0.900813	0.779385	0.993967	0.978777	1.111093	1.194204	0.884833	1.441055	0.92459	1.354332	1.013028	1.35471	0.74827	0.640262	0.723306	0.904602	0.873	0.780829	1.022964	0.984417	1.073063	0.98298	1.140764	1.083817	0.810965	0.568849	0.633783
Niben261Chr19g1191003.1	mucin-2-like	1.661992	0.929196	1.472634	1.400283	1.702785	0.658607	0.513323	1.077144	1.650196	0.391292	0.277916	0.563537	1.681494	0.745557	0.79698	0.935275	1.05857	1.34686	1.274868	1.285092	2.340906	1.680733	1.841463	2.036928	2.855868	1.41786	2.567778	2.052096	3.162245	2.038938	5.35712	2.921706	3.148346	0.735676	1.006926	0.786514	1.63471	0.672141	1.203085	0.741147	0.691427	0.858697	1.757227	1.903047	1.888342	1.534005	1.458893	1.758708
