GeneID	Description	GFP22h1	GFP22h2	GFP22h3	GFP25h1	GFP25h2	GFP25h3	GFP28h1	GFP28h2	GFP28h3	GFP34h1	GFP34h2	GFP34h3	GFP37h1	GFP37h2	GFP37h3	GFP40h1	GFP40h2	GFP40h3	GFP46h1	GFP46h2	GFP46h3	GFP56h1	GFP56h2	GFP56h3	pcrtB22h1	pcrtB22h2	pcrtB22h3	pcrtB25h1	pcrtB25h2	pcrtB25h3	pcrtB28h1	pcrtB28h2	pcrtB28h3	pcrtB34h1	pcrtB34h2	pcrtB34h3	pcrtB37h1	pcrtB37h2	pcrtB37h3	pcrtB40h1	pcrtB40h2	pcrtB40h3	pcrtB46h1	pcrtB46h2	pcrtB46h3	pcrtB56h1	pcrtB56h2	pcrtB56h3
Niben261Chr01g0006004.1	60S ribosomal protein L4-like	15.314507	25.025501	15.105004	19.90443	16.451314	16.370558	18.524374	14.265234	13.706642	26.640387	28.190433	23.797185	28.040634	26.144526	28.660974	21.613486	22.630276	22.949945	17.372135	15.299434	15.871155	18.907434	18.265858	18.061012	13.527321	17.645394	11.574058	13.230349	14.758453	12.700157	11.526927	9.915208	11.531331	23.439464	28.698496	21.288438	31.42437	20.689181	35.596926	21.832692	26.953902	22.8801	21.497799	16.612441	17.023206	25.278173	22.316119	25.047141
Niben261Chr01g0564003.1	60S ribosomal protein L18	118.860609	151.814933	119.435589	125.898889	100.786245	121.347088	122.992639	112.953353	97.009089	143.540223	148.58844	142.168413	151.24306	155.759478	154.803603	125.633821	132.908131	137.846221	109.590198	93.660529	101.423548	107.319165	109.71467	113.092502	96.047203	141.988568	116.803114	132.735755	96.166053	108.984801	96.841294	90.497373	100.821482	125.244015	147.261232	117.735675	168.964978	114.876083	168.395698	123.395746	121.077761	123.127846	135.335871	108.210058	108.497579	135.760086	126.324838	129.450978
Niben261Chr02g0186006.1	60S ribosomal protein L35-like	143.865935	170.156051	125.312347	113.784479	101.41037	96.900605	99.016919	99.187679	82.90038	133.660973	127.69158	123.732279	134.848252	142.744513	144.358214	99.720213	122.965507	116.256047	96.254647	80.107746	79.20449	104.253612	103.812514	108.466087	125.791184	156.161472	127.295903	108.749706	98.080774	87.008553	74.166993	68.46902	63.606768	116.247077	130.911677	115.328684	171.845089	120.426192	161.337773	111.202048	128.465681	119.693197	137.581159	94.51975	104.285243	119.39001	115.333294	130.922603
Niben261Chr02g0554018.1	40S ribosomal protein S8	23.916614	28.899496	20.76723	23.162583	24.035962	24.699251	21.235298	21.254886	19.590924	19.458666	21.262655	23.184342	31.63202	27.462672	30.341725	33.105564	28.622756	31.128837	25.154775	22.82936	23.59571	17.763953	23.286005	21.774584	21.31308	20.685278	19.390427	17.674545	15.750198	17.98874	11.257806	14.763053	12.686067	20.480795	23.0154	20.211666	29.76269	20.865621	31.88279	30.079258	27.790813	26.259651	29.38897	23.131532	25.558167	26.647371	29.437857	22.737679
Niben261Chr02g0595003.1	tyrosine aminotransferase-like isoform X1	35.638069	42.771338	29.260784	37.470345	27.690094	36.887312	33.225774	29.96553	24.457725	41.518215	41.956797	35.001544	40.269007	39.257235	40.306711	31.343616	34.561878	32.528172	32.387105	33.622275	31.350354	33.29188	38.88749	37.304711	37.392602	51.144558	30.908443	35.616702	30.317984	36.976761	32.490253	31.936649	32.625449	42.023299	40.32526	47.218433	46.168585	41.942373	46.62701	37.884067	42.643855	39.552403	38.585669	34.635047	39.834192	44.678319	56.48615	42.243375
Niben261Chr03g1063002.1	60S ribosomal protein L30-like	162.215806	191.630765	138.198366	163.306026	129.449434	132.595611	129.563567	105.095995	105.511694	182.211119	181.288532	165.621606	209.806332	195.72288	215.433076	169.230763	143.975016	195.866443	147.40324	127.935989	149.872304	126.700226	125.890624	151.407606	139.410673	169.941142	111.834318	120.828385	106.351958	117.363542	81.757875	77.947739	89.842039	148.695815	164.0425	134.577306	198.553599	164.375248	193.521202	163.579713	172.326028	141.596066	139.485587	158.683287	159.375385	173.020643	176.159131	156.880783
Niben261Chr03g1139011.1	60S ribosomal protein L35-like	103.243602	149.496545	113.12859	116.887574	89.851581	116.19112	96.700046	94.25995	81.875127	106.406385	118.044247	114.707322	119.776118	133.703454	149.268819	117.535407	114.4811	124.244388	87.963447	85.763548	75.619553	72.39445	95.891536	88.731337	96.030047	132.639079	101.711491	101.732495	83.555693	94.448741	82.147282	63.143321	75.7964	102.516595	104.146066	109.619776	152.196169	108.864129	133.6863	107.487297	109.977392	96.589782	119.521014	91.311852	109.139322	106.418054	104.595399	98.232194
Niben261Chr03g1279004.1	ribosome production factor 1-like	10.11093	13.575383	11.126879	10.584729	10.248924	8.280839	10.510231	9.443249	8.848408	13.406233	16.017794	13.262089	13.875908	14.344355	14.835244	11.414785	12.07867	10.843285	11.279221	10.835306	10.764358	9.599697	13.244124	12.233254	8.443587	10.850892	8.954875	9.144507	9.003422	7.770103	5.853836	8.512098	7.017788	13.486057	13.732545	12.801968	13.675793	11.271655	12.202432	10.851483	13.48457	11.473409	14.149236	12.370499	10.403405	16.064025	16.273245	16.046234
Niben261Chr03g1496003.1	Ran binding protein-1	27.835888	44.14793	25.828793	35.782167	29.371082	34.923521	31.058875	27.969642	27.063239	41.745692	39.469996	33.93236	37.670222	43.014431	44.258808	32.38793	35.437872	44.630595	29.718989	29.734721	30.611619	30.306568	31.86976	37.459881	22.754585	34.317339	20.82431	32.037245	25.987879	26.492569	20.065921	21.713224	25.385398	32.633161	38.262125	34.424012	49.231079	32.72959	42.914063	38.482831	34.468133	34.83421	38.329142	27.78063	32.047427	37.477219	42.817101	38.079762
Niben261Chr03g1511028.1	Elongation factor 2	33.904343	39.323804	34.56035	33.776153	28.961908	30.03501	26.710262	25.885006	24.166951	34.322512	42.226766	35.423032	36.650375	38.127216	40.96798	32.423318	31.303808	37.286511	33.761981	35.616916	30.015861	24.794033	29.467413	29.428159	29.824278	32.640445	30.928203	18.192448	29.964025	25.448953	16.724594	21.318955	18.411234	30.655824	34.992816	31.933234	38.389281	38.188176	42.305645	37.069456	45.666943	40.109642	31.34898	36.119029	36.04378	38.868112	32.009802	36.19503
Niben261Chr04g0541005.1	60S ribosomal protein L22	133.18123	164.840875	138.740633	118.131409	109.769028	119.351552	118.210485	109.117413	102.964184	114.432096	114.126938	93.527673	137.40304	119.03894	139.373337	130.232163	120.813737	130.864904	109.451346	107.698689	109.268337	107.198178	119.023518	125.067111	126.73015	164.991112	132.388847	125.713234	112.255031	126.964648	101.573932	91.715352	90.784198	124.063095	117.745419	109.707556	164.19138	135.351478	156.03965	155.421556	147.410889	129.010966	131.090847	122.284126	142.42653	163.924775	139.509064	165.346499
Niben261Chr04g1275003.1	40S ribosomal protein S13	40.613423	58.700962	40.503735	40.840429	33.816029	34.848933	32.2853	30.499392	27.062815	40.109786	41.484691	48.538893	48.58773	59.712882	55.616601	50.217518	38.476848	47.407414	34.232077	36.407451	37.446785	39.612141	32.730055	35.713514	40.239234	39.023513	35.849674	32.400823	32.426922	33.242211	22.471439	24.065667	25.213932	33.668454	37.112357	46.025941	44.523771	36.234696	48.721217	44.307883	32.08927	46.586309	40.733557	37.478888	42.049985	46.732567	37.905113	39.226577
Niben261Chr04g1706001.1	ribosomal RNA small subunit methyltransferase NEP1-like	13.095401	18.654008	14.785587	15.762365	12.575544	13.526593	11.772759	10.678817	12.924145	14.846537	16.144438	16.233486	17.085889	19.358495	20.63714	15.107085	15.174899	15.495906	13.556769	15.145859	12.25195	14.649311	15.533833	18.10792	14.410149	13.937792	11.211574	8.836376	10.749155	11.498761	8.252651	9.413483	9.251865	15.835182	18.646039	17.378351	18.38755	16.135321	18.093388	15.976351	15.486123	15.101807	17.804353	17.497082	16.223494	21.15548	22.414397	21.564453
Niben261Chr04g1714008.1	guanine nucleotide-binding protein subunit beta-like protein	13.626897	20.866331	13.869217	13.106074	15.144616	12.422615	11.449054	9.36106	10.407831	15.460929	16.08761	11.254666	15.771784	16.325626	16.314872	12.774601	17.812331	17.420159	13.657267	13.261982	12.304718	11.510425	13.868218	14.675178	15.805558	19.392407	13.06791	13.998155	12.842223	13.915963	8.771755	7.329778	8.954447	11.262978	16.209196	15.090969	18.589465	13.770805	19.638253	12.714094	18.775495	16.658075	18.286743	14.044844	12.023435	14.672579	18.142613	16.145116
Niben261Chr05g0333004.1	40S ribosomal protein S2	29.290753	41.829084	30.587701	27.196283	25.564232	24.98672	23.614054	19.197155	18.317369	23.145146	28.088337	25.255072	31.621517	32.650377	34.942336	27.395665	25.953411	28.071995	26.253309	25.359454	20.16714	19.581389	22.330193	26.320359	31.740794	35.880679	26.203574	22.179258	25.185357	24.501324	16.940191	18.854752	19.706281	27.040412	31.178437	24.892797	32.450268	35.403979	40.232789	29.113535	32.587207	31.967157	30.900742	28.728134	31.274756	25.933031	29.023982	26.150801
Niben261Chr05g0655007.1	60S ribosomal protein L35-like	208.92504	275.343887	210.174946	199.017717	187.206662	206.70874	210.271199	197.603225	169.353293	274.120806	280.29593	231.188667	265.099707	272.173415	276.968648	242.436375	259.973946	232.114444	170.112128	168.684866	168.655727	193.076123	208.184058	180.189747	161.230246	258.915673	167.809908	200.921218	169.158004	182.597618	152.26687	158.460834	161.240343	222.499814	259.476802	245.360491	327.274998	201.214802	315.1161	266.825819	253.389628	243.824921	241.299063	196.199275	185.168757	243.345074	234.102046	242.484857
Niben261Chr05g1014003.1	60S ribosomal protein L21-like protein	13.023289	19.637084	15.884248	11.536445	12.678252	16.975791	17.6204	13.32936	10.464274	11.923016	15.602227	13.803588	18.787659	22.443242	21.388502	20.167487	18.468335	19.698929	17.23944	13.892234	13.767781	13.106231	15.438607	20.001019	14.896303	17.220833	13.524831	9.891265	12.615555	15.276943	12.804114	11.744756	13.733436	14.874139	14.478263	15.091407	22.764341	21.376293	20.825694	15.35751	21.152169	20.107738	14.909303	19.50169	13.979552	17.10541	18.552089	18.534749
Niben261Chr06g0014013.1	40S ribosomal protein S9	132.919613	180.512161	142.253735	152.592624	137.722177	158.78399	137.662964	133.944963	131.360173	137.296486	164.792824	151.869922	165.592006	160.88147	175.139847	152.962771	168.309567	168.931482	125.311595	129.416063	131.3207	110.323382	132.237453	135.091156	143.756595	166.156327	130.093872	124.861711	147.268473	141.135914	117.573767	114.638089	117.940284	149.560031	142.539664	141.274032	178.422886	136.96075	185.362409	169.323083	178.521378	163.843599	154.66755	143.336084	151.967173	163.859871	151.148225	154.015862
Niben261Chr06g0033009.1	60S ribosomal protein L6-like	109.274633	150.627552	105.45302	116.319496	94.703857	107.8355	99.836806	85.103774	84.170998	121.626054	138.78795	125.65229	130.108383	134.391101	140.855878	113.242254	113.976358	129.360225	95.492145	90.268001	88.953326	81.934629	90.817465	103.932732	111.499532	146.345675	100.037586	96.057248	85.040491	100.86373	71.254805	64.92826	74.039545	101.42449	122.278409	109.488183	162.881373	112.490139	149.199558	129.717077	126.443822	122.090147	119.28533	107.188613	115.506117	127.149786	120.657211	116.702472
Niben261Chr06g0328006.1	Small nuclear ribonucleoprotein Sm D2	87.250876	110.998882	73.426849	79.371555	75.490327	72.358511	72.456554	62.96086	59.839768	89.57861	108.125615	98.527979	126.416065	97.353135	119.640289	109.535291	107.228928	106.266655	82.690941	91.195184	92.767157	90.487974	97.392782	105.621259	85.069592	105.989566	86.900337	78.433014	74.58559	76.814954	73.545971	65.266264	57.33785	83.826227	102.469355	110.991233	128.21514	109.501658	118.323427	115.729408	112.420944	111.476444	123.649193	100.741243	107.342797	128.55964	135.73153	127.307561
Niben261Chr06g0382002.1	60S ribosomal protein L37a	1044.373489	1225.448936	793.039862	977.281859	981.423819	971.693356	1033.0444	934.218646	983.952833	1309.901213	1185.56143	1269.272061	1340.077803	1093.179311	1166.634587	1044.680722	1008.334559	1140.20228	934.745869	744.530248	1077.660357	964.946019	974.441443	1214.577372	1098.952547	1203.795569	988.433138	1071.826745	947.519696	1204.112313	1071.127786	838.293061	856.034632	1081.832559	1111.298047	1011.57584	1266.428768	1039.124708	1246.864074	1030.717579	1288.232683	1185.944217	973.883593	1084.354053	1052.177086	1285.718068	1339.625201	1248.661628
Niben261Chr06g0625003.1	50S ribosomal protein L22, chloroplastic	669.654774	822.115869	706.77811	569.862866	584.594612	571.066263	556.457876	532.226877	434.133331	638.593103	699.046234	649.518335	789.167734	792.257411	843.260293	774.149463	791.696641	736.242855	631.708452	597.78313	581.480708	596.216695	610.950798	599.366772	604.801056	710.012042	588.594043	473.50284	515.606543	486.378172	417.978804	445.927203	426.329367	617.250503	673.219235	676.143261	846.66033	666.202469	820.49061	748.182232	778.799233	721.296529	695.649757	645.038019	623.000455	653.477635	742.261462	679.725349
Niben261Chr06g0671005.1	40S ribosomal protein S3a	33.598994	49.147596	36.658615	35.490309	31.507329	35.381184	31.079777	30.547366	27.327877	36.897202	35.10789	38.12003	38.301679	41.516669	41.171705	41.507229	50.009202	44.826743	32.125842	30.338009	29.788476	33.097308	35.116892	37.056388	34.892229	42.765763	38.331398	26.716768	30.630554	30.758046	19.191867	20.905187	20.741081	30.68337	32.947982	32.808187	43.161635	33.129147	38.471273	38.843457	44.308672	37.221965	39.406199	32.341965	32.623422	44.727446	39.901208	46.678077
Niben261Chr06g0812001.1	rRNA 2'-O-methyltransferase fibrillarin 2-like protein	9.083533	13.36874	7.811231	9.325693	5.754444	7.380293	6.752127	7.48469	6.326417	9.6945	9.037701	8.337308	11.298546	12.559943	12.658621	9.664956	7.788096	11.306516	6.519199	5.487893	5.94228	6.487867	9.958673	10.296263	7.389885	8.016617	4.922747	5.614764	6.173344	6.603516	4.737189	6.528429	5.158931	8.654627	10.241031	8.775284	14.225164	9.437546	14.340904	12.347144	11.445839	12.264316	9.609355	9.794497	9.546291	15.735692	13.934584	14.432617
Niben261Chr06g0823016.1	60S ribosomal protein L36	509.613897	750.121543	490.74712	525.839874	472.416618	542.353177	506.581302	457.939859	515.190547	765.588821	656.542734	606.088262	699.615074	584.064757	643.440256	544.364875	570.284226	536.016395	380.288981	405.612502	451.097907	521.202499	473.18199	569.23781	585.745038	796.889569	487.898014	849.048339	429.692293	526.183911	458.276353	380.550376	507.149488	538.55772	522.719565	476.732753	785.889039	468.019549	733.497079	657.15522	589.789945	577.992921	739.007463	502.995726	543.411136	587.945719	772.546297	626.668573
Niben261Chr06g1082017.1	protein DCL, chloroplastic-like	6.425113	12.363564	7.931522	10.787816	8.420924	7.486462	9.380067	5.955661	6.024412	10.281997	10.998078	9.789796	10.661939	11.840243	12.982016	8.698709	9.922259	11.909082	8.148663	8.198211	8.237488	8.055923	9.464147	12.278809	6.867557	10.143051	6.064405	8.984543	7.28726	8.238988	6.458794	4.929529	5.292988	10.691913	11.199439	9.752144	13.699756	9.227535	13.933671	10.070683	8.470787	12.169397	11.111038	9.356747	8.099366	13.64127	14.474969	12.936733
Niben261Chr06g1160016.1	60S ribosomal protein L44	157.002307	220.637523	125.805208	195.669034	151.198972	185.900035	176.763352	157.810485	150.339171	205.194671	220.426955	216.788702	199.193049	200.585136	215.334986	200.744945	167.369278	212.102764	142.166686	106.187988	169.895691	145.425083	166.063028	181.371331	175.15252	198.689226	176.291807	135.541033	157.569321	167.830873	154.415191	117.665817	122.721675	166.391931	179.832697	164.149845	199.929627	164.953579	258.652233	177.199164	201.760107	212.731626	170.654586	167.011942	141.107294	203.051892	149.027495	188.911906
Niben261Chr06g1320007.1	Nascent polypeptide-associated complex subunit beta	210.250274	230.687909	197.355612	138.502485	126.919681	146.348635	118.094344	99.399877	122.405585	152.169719	162.019289	159.961041	182.420274	168.144223	187.973162	175.767161	190.96372	198.579146	148.686592	162.648902	164.354175	148.390285	156.748839	187.475061	197.096954	216.901684	187.865504	112.573712	136.574516	144.286594	108.973142	110.458537	121.884909	165.453573	160.073692	144.814531	220.032203	182.165043	206.645778	242.108934	237.246059	214.63337	194.484465	191.490381	211.975443	196.948592	205.995065	200.396743
Niben261Chr07g0436005.1	Elongation factor 1-alpha	76.59719	111.322316	74.428693	78.437334	70.860626	82.69255	82.092429	77.091676	61.050872	98.781667	107.42158	91.129522	105.876547	101.046525	107.876168	101.791833	100.187178	106.607382	81.998116	81.725768	72.173639	80.109776	95.765409	89.480353	79.887165	95.970249	70.212629	76.453773	72.717798	77.180819	67.112459	67.308189	65.067028	89.228824	103.129766	90.676713	118.232714	100.921992	130.777315	108.064229	114.355584	105.022307	109.058191	86.531945	88.140892	115.244113	112.246427	111.13267
Niben261Chr07g1500005.1	surfeit locus protein 2	20.559276	30.866707	18.485956	21.920536	23.591526	21.342919	20.401531	20.98989	22.136388	26.247262	29.655148	27.236252	30.967256	33.422162	33.195432	29.018564	29.058974	29.2365	21.579245	20.048506	22.200222	20.737451	24.31321	27.726351	20.647636	29.08234	21.513931	25.284197	18.547553	19.303432	17.476899	15.285729	15.710167	26.615589	26.616063	27.743745	35.597767	26.066756	31.467779	36.317057	28.201663	28.260185	29.5029	24.680635	27.559561	35.691263	37.154915	37.030684
Niben261Chr08g0338001.1	40S ribosomal protein S3a	29.368664	39.110717	26.173238	32.066353	26.577927	28.215273	28.910828	26.154083	23.638253	34.923192	39.547771	35.99105	38.217712	38.857394	39.554119	34.027122	34.975363	33.933327	30.399941	29.090785	27.910822	24.819166	33.057784	33.337292	27.227761	31.631649	21.697505	28.146805	23.594126	22.204231	19.703138	19.374734	18.311801	29.570128	36.84654	31.031675	45.651494	33.93204	42.974037	34.750022	36.479979	33.479034	36.496667	29.744553	28.190919	38.743274	38.963961	36.987145
Niben261Chr08g0467007.1	rRNA 2'-O-methyltransferase fibrillarin	49.962995	64.151994	37.088496	45.601782	35.426729	41.212276	41.60597	38.410532	30.809638	50.790852	53.089501	52.547317	55.759509	54.55716	62.679378	49.074827	44.810531	56.104452	40.87778	35.610313	33.628209	36.305286	45.486279	49.892188	38.529562	53.835854	32.270633	32.58409	33.209255	33.619581	25.839882	29.106656	26.115592	44.141507	55.585727	45.209871	65.394398	47.244183	67.011903	49.816502	55.020424	54.876966	52.699439	48.4162	43.5511	65.54295	68.9302	68.633219
Niben261Chr09g0265002.1	mRNA cap-binding protein	52.546459	55.894195	52.92471	50.521315	52.897392	54.065948	49.629846	51.964013	46.129927	44.916381	52.831241	60.258965	55.880061	56.851471	56.191509	59.099247	54.9776	57.074523	50.551057	48.985139	51.553997	51.370651	50.600472	47.558717	47.645509	55.033166	49.646838	40.100653	48.609914	50.335793	43.488925	45.986714	37.635535	44.914327	52.332329	50.792551	62.35173	52.01418	59.328871	56.474951	58.196435	55.290402	53.927428	51.871534	48.870732	58.735262	58.019799	59.340909
Niben261Chr09g0470007.1	Ribosomal protein L19	127.036445	191.487832	133.309799	116.989663	107.93542	105.337963	104.329903	92.773134	86.182325	132.458471	145.018026	121.50971	149.374109	155.050798	167.919273	150.741282	169.82761	152.060574	111.905508	106.709838	98.481966	112.643535	131.558535	137.91538	117.806796	166.349362	123.19297	124.214747	101.652033	107.487653	83.754407	82.211354	81.389118	126.032917	131.244238	122.062537	165.484962	143.925062	174.317763	161.147086	174.074203	153.781577	144.312129	121.151896	127.659043	149.816873	161.262628	146.171542
Niben261Chr10g0098013.1	Small nuclear ribonucleoprotein Sm D1	51.08999	58.97468	51.5584	49.181714	47.897601	47.61623	45.343507	39.837688	40.816187	49.179415	60.028412	48.39687	65.509385	66.706841	58.8588	55.765657	64.827265	66.360498	45.531099	49.820128	51.011873	45.898338	58.272903	68.580588	50.812922	53.190828	35.734638	35.913106	40.890457	40.821071	36.73331	33.732288	36.137031	65.440446	68.241734	48.890802	71.951822	57.734825	76.440229	71.27365	54.096063	58.541231	67.753432	51.297463	52.045017	64.495256	76.821182	63.305947
Niben261Chr10g0154018.1	Ribosomal protein L19	164.766559	219.926535	190.606181	158.272436	163.296796	147.177133	137.711433	131.078073	128.850226	197.439495	186.079277	164.839248	212.617762	204.36026	223.558846	190.131032	234.275699	197.433593	176.790298	178.299827	163.80881	159.604938	183.322606	182.250272	157.675348	200.885269	164.170305	184.134603	154.063152	143.662466	119.916661	120.240794	114.615899	149.125589	185.281335	157.288165	238.369023	183.021062	236.888219	202.322482	229.851612	198.266739	202.815675	154.410008	176.552847	190.160813	204.27637	178.522139
Niben261Chr10g0242005.1	40S ribosomal protein S8	91.28793	127.841473	88.529758	98.341607	86.597953	106.025049	106.20401	89.889809	79.657451	116.771128	125.213998	111.279375	122.352659	126.591826	146.488376	102.679947	106.005887	116.425416	89.788901	84.547728	82.752845	80.28427	98.886794	95.502966	87.142954	106.973081	74.204937	106.461568	76.154247	79.476324	71.52719	66.69031	68.900787	98.561743	110.982798	92.421028	143.864099	103.353831	152.09212	113.738887	110.410802	109.88964	110.344387	91.961378	89.383932	101.018389	120.822992	113.331501
Niben261Chr10g1018014.1	40S ribosomal protein SA	43.845536	57.272527	48.021786	41.104313	40.189688	39.451622	41.201394	34.738261	27.025116	42.617104	48.472197	40.890776	44.035372	44.748174	55.878626	39.375486	42.739906	49.569294	33.4692	31.425995	30.487062	27.030372	32.939566	31.719101	41.31274	57.604937	36.964785	36.29869	33.128384	35.710194	25.210074	24.42288	29.095225	34.893655	44.128001	38.372664	54.704998	40.521131	54.64028	41.528147	53.810756	48.309899	51.210409	35.938878	35.617117	50.97553	46.27454	50.365043
Niben261Chr10g1083018.1	60S ribosomal protein L34	331.385846	487.112409	301.143414	344.920432	292.845194	346.804976	322.15708	268.638987	304.681516	393.710463	414.916688	459.381726	435.150064	432.036607	444.765005	420.248889	393.037678	493.155355	358.905799	281.783029	332.264898	353.225518	337.479761	369.298309	324.918618	412.819112	333.937525	231.155158	262.950745	256.770179	220.445337	232.93342	221.315002	316.387021	362.208274	358.439128	391.800083	367.889134	418.389391	312.425212	391.7089	372.268476	312.024038	378.962043	294.828132	420.86262	442.082505	385.767218
Niben261Chr10g1090032.1	ERBB-3 BINDING PROTEIN 1	19.106079	23.962407	17.529393	18.453146	16.276256	14.786261	14.066331	13.807199	12.441257	20.028704	23.635509	22.82998	22.417796	21.475972	22.95021	19.732177	19.482653	23.088984	19.276311	17.199688	17.274539	18.200341	21.649	20.821999	17.160338	18.578447	17.906072	13.370244	15.985987	14.82276	13.327841	14.730801	12.533645	19.347915	20.915459	18.524939	25.849307	23.050502	25.807097	21.898477	26.108424	22.512086	20.401137	21.293549	23.415517	25.859049	26.384619	26.821657
Niben261Chr11g0410006.1	Polyadenylate-binding protein	11.508241	14.776686	10.585843	13.419177	9.344718	9.01877	10.282469	10.08532	9.692093	11.887455	14.44137	12.080814	11.93464	11.403891	13.632611	11.514153	11.156849	11.098035	9.018794	9.056856	7.728573	8.792036	11.571616	12.131259	12.155985	13.15904	10.649642	9.863568	9.253527	9.623707	7.720644	8.543572	7.797863	12.943383	14.27089	12.512022	14.817447	10.740204	16.046309	11.329158	13.290448	13.494716	12.614922	10.667392	9.904018	14.258034	15.063805	16.072681
Niben261Chr11g1321005.1	60S ribosomal protein L44	112.756666	130.104941	125.754415	89.925103	93.860532	108.156229	96.881036	94.465856	99.09097	91.832357	88.23579	101.253854	109.969281	106.110497	126.28752	100.793817	125.238099	109.326514	94.27967	101.532397	92.052247	109.050746	117.071179	123.509007	111.704791	134.382216	106.776192	110.961582	91.053894	114.94507	79.156493	87.202021	84.125342	97.579285	88.879432	87.901283	126.143334	99.340832	129.376621	123.739415	116.621096	110.768238	124.764583	108.424533	112.344276	126.697803	144.066743	137.805713
Niben261Chr11g1353021.1	60S ribosomal protein L35-like	184.521497	238.467483	167.921	168.786581	169.028948	166.720321	186.192316	162.447455	157.161605	225.617574	231.697364	192.421832	214.376089	228.244768	221.442981	176.556033	169.255018	167.352128	134.268616	123.730903	130.81006	140.418281	162.265656	186.726681	152.955363	229.032944	169.423193	198.138073	151.246384	150.903122	133.184237	134.827753	128.174661	190.136592	222.439926	189.924654	245.773146	153.082378	240.133907	195.838345	193.660739	182.203424	195.733767	154.111066	154.435318	174.204164	182.237317	155.697427
Niben261Chr12g0258002.1	60s ribosomal protein l4	25.580262	39.420484	24.139288	32.185376	26.783148	27.966653	27.382404	23.087779	20.978422	33.651084	39.713204	33.052757	36.937462	35.042619	39.459331	34.257797	36.065138	34.499181	27.918725	26.104769	22.827228	23.359989	24.749236	26.315734	22.387145	31.933546	20.069239	27.019123	23.647985	26.572213	19.075542	16.9326	18.538265	31.867945	36.604219	30.906007	45.803742	30.271648	47.285604	34.949226	38.236749	32.08958	35.182103	29.551663	26.924892	30.601798	31.291132	31.927773
Niben261Chr12g1053004.1	Ribosomal protein L19	152.768803	211.065685	170.713977	140.418522	136.775969	134.683444	135.84557	126.379656	117.2225	183.381633	183.017012	155.689808	179.34378	177.706444	178.880218	161.31001	189.71699	164.330221	135.019802	139.173023	126.021925	134.420397	158.462781	141.511218	135.758346	186.082477	150.340335	178.588479	124.557586	121.395458	97.115948	102.470824	99.328214	130.729988	160.751941	137.814274	187.712947	149.887736	187.787338	152.122098	179.618904	163.505241	167.080869	129.620528	133.661106	161.91958	155.517292	147.517085
Niben261Chr12g1301013.1	Peptidyl-prolyl cis-trans isomerase	18.677878	38.905847	10.572928	20.224454	17.565372	17.397518	18.664088	16.647505	13.754303	20.841979	22.408447	21.525498	19.90191	22.762132	28.717152	22.948343	21.532798	22.593805	18.289624	18.817077	15.121539	21.939665	27.785017	37.162814	15.331401	27.959686	10.829429	10.084644	15.630327	19.173686	14.747578	13.128476	17.050021	25.708534	20.427247	21.053279	26.180313	24.180888	37.69024	31.244836	32.697399	24.902966	28.378157	24.007979	21.377098	32.811104	36.972924	32.615147
Niben261Chr13g0104005.1	Eukaryotic translation initiation factor 3 subunit E	23.315562	29.397018	22.836016	29.035434	27.47346	25.581359	27.532059	26.430977	24.70546	32.33619	33.784883	33.431005	29.727963	33.543575	31.782928	26.628199	29.072007	31.847896	26.648432	27.887931	26.264609	28.12943	29.313968	31.944828	22.136061	26.270662	20.129654	21.688923	23.994189	24.118265	21.07851	19.907107	22.095935	28.512665	31.476921	28.855633	32.906798	27.143143	32.723404	28.757527	32.515892	29.497878	29.214989	32.039929	29.81966	36.000524	36.503593	38.674996
Niben261Chr13g0138004.1	60S ribosomal protein L21-like protein	118.20382	189.197938	98.806034	101.946347	99.327836	96.25671	84.162669	82.579877	86.536733	107.405812	120.960166	110.313383	110.872097	117.066005	121.010896	121.394096	141.546401	125.160859	68.026744	64.276193	66.600343	84.921254	96.094616	94.365894	124.413979	168.59251	114.974179	99.47344	87.199843	89.824443	67.726356	74.066947	78.582697	111.650403	127.520205	111.420389	151.286825	124.313213	146.457102	172.855334	171.803242	150.408917	116.64997	108.151344	101.966161	121.073837	148.734373	131.33033
Niben261Chr13g0144001.1	Asparagine--tRNA ligase	15.894137	16.724877	15.127062	16.305682	14.141274	11.756063	12.058664	11.079196	9.522861	15.55806	20.287181	14.648168	14.181794	16.341821	14.937805	13.155261	15.252724	12.751845	13.25537	13.419206	10.567149	12.032182	12.04358	11.780379	13.978177	15.181698	12.64089	10.95152	11.252653	10.982204	8.496276	9.220617	9.118318	14.419862	16.059501	15.659752	16.873534	15.378151	17.702868	15.927974	17.475389	15.953283	13.26376	12.675784	12.243579	13.728898	12.611666	13.24279
Niben261Chr13g0505002.1	60s ribosomal protein l12	258.190473	276.099782	257.068593	191.32051	186.369557	222.84171	205.590951	190.444877	170.129239	189.77388	205.813966	195.777715	226.083137	247.913856	277.293721	244.64314	234.162715	250.27759	213.185899	226.92745	174.169713	211.583312	239.527667	239.998589	240.122184	272.966304	205.369776	194.515789	212.10103	221.276577	184.601682	187.52478	191.825865	226.177565	207.532631	200.639846	238.913251	249.732012	278.046548	278.651735	249.072634	228.503247	232.17473	223.542183	223.273835	246.828929	284.845511	246.456767
Niben261Chr13g0579016.1	Ribosomal protein L19	67.034822	80.690125	59.113871	59.973391	56.595466	49.850796	41.223363	46.059961	43.315792	62.03904	62.805047	59.173353	68.806975	58.614994	70.96057	56.003759	62.462617	60.554562	47.699998	48.957377	47.906515	43.484502	56.896975	54.98953	60.079263	81.901636	52.506462	67.148732	52.946063	53.083201	39.512719	36.362748	42.726325	53.245386	61.757484	59.567672	83.028545	60.512997	77.102704	63.681653	69.397738	73.169086	73.128459	53.482035	55.41564	66.049358	78.081456	64.911212
Niben261Chr13g1023003.1	protein TOC75-3, chloroplastic	15.341976	17.552927	12.789624	13.639825	14.102333	13.249568	12.458063	10.902558	10.173192	15.883129	16.422011	13.089454	14.336878	14.641872	14.184874	14.308155	18.296044	18.978738	12.081258	13.76471	11.324606	12.823038	13.631703	14.28782	15.706245	18.419475	15.017505	12.423502	14.464077	13.802168	9.247279	8.431501	10.870284	12.297183	13.069636	12.203228	17.241773	11.536733	15.847151	13.613838	21.123142	16.62853	16.363364	16.107531	13.513034	18.567833	17.160662	18.254213
Niben261Chr13g1054014.1	ERBB-3 BINDING PROTEIN 1	20.425917	27.800015	21.14271	19.913222	18.402895	15.822968	15.962092	16.718692	17.866248	22.90108	28.774386	28.662084	26.284945	27.562006	28.336017	22.780318	23.241807	24.420153	20.532382	21.906365	18.029167	16.085065	19.442036	20.752783	23.944045	24.836527	20.702143	18.864313	17.521028	17.161051	13.739043	13.881721	16.185582	24.092619	28.675913	25.128387	32.098825	27.767797	32.014366	25.901722	27.758515	27.451203	23.519218	25.826067	23.926392	31.11936	31.572084	32.61666
Niben261Chr13g1058001.1	60S ribosomal protein L34	307.713289	415.715685	266.203154	269.824436	247.185441	250.134359	264.324852	228.467049	254.040841	346.055117	387.157662	376.260339	417.140052	411.063973	368.838497	379.563532	400.10724	359.990691	273.637018	318.382966	284.094975	389.38053	355.966292	304.20145	297.150372	402.442666	280.443078	239.807265	237.28986	229.68541	198.768019	179.827764	225.882929	299.431168	314.87456	277.776303	389.82282	265.693398	349.388968	333.837389	385.637044	320.032747	342.231936	306.694094	299.243003	376.985642	429.279317	370.320669
Niben261Chr13g1120003.1	40S ribosomal protein SA	42.856931	53.384292	51.491734	41.106478	37.427561	37.567112	35.308325	31.758767	30.411544	37.993342	42.660487	37.433548	38.674572	39.242277	46.354126	34.759497	41.824916	41.382336	28.500365	32.519042	25.997185	29.962738	33.209984	33.809301	40.465788	53.417907	40.012197	31.303844	34.709226	33.044115	24.088976	25.419525	29.480083	31.3507	37.42801	33.149639	41.121401	34.755416	45.071422	36.794896	47.571827	38.743841	43.40527	36.770736	37.093739	49.640427	46.068352	50.874742
Niben261Chr13g1136001.1	60S ribosomal protein L44	386.549025	456.137466	348.788436	415.114567	363.04142	373.05375	412.015991	361.004524	326.417545	381.311849	380.807225	409.90013	446.485852	435.170122	512.780842	459.112316	473.970958	430.546129	358.031355	349.422597	323.155497	377.785425	453.899463	477.876504	361.803104	448.442632	314.000018	379.803088	319.624407	369.128595	315.812333	284.20227	308.692386	391.511044	393.028613	378.845764	526.047923	458.445222	522.090052	421.434435	468.807997	481.279579	441.794932	435.388761	412.966339	453.486761	575.705693	437.222541
Niben261Chr14g0093021.1	40S ribosomal protein S30	5900.897323	9012.854869	4802.451676	6598.491947	5712.68793	7370.014171	8050.618098	6173.196902	6737.867863	7473.892007	7343.491485	7100.393076	7447.451922	7724.382243	8058.057868	7162.835182	6539.017736	8298.939563	6113.986275	4402.067952	6372.939606	5834.155186	6068.181081	8079.616735	6907.702995	8370.550869	5619.081579	7446.449201	5757.821804	7892.066388	5994.180851	5246.95637	4871.512924	6934.396988	7839.591	6623.497465	9068.214187	7054.892294	10245.258978	6631.536379	8074.828314	7226.816891	6907.084307	6749.868036	6077.102057	9091.314912	9714.701807	8389.643411
Niben261Chr14g0801002.1	Fcf2 domain-containing protein	46.968754	51.419841	41.148188	40.951561	36.074971	32.756156	35.308663	31.605962	35.111588	47.199753	45.782367	52.996927	58.156566	48.471472	53.316644	42.096277	49.67424	43.093214	39.154208	42.725472	40.597014	39.871444	43.971791	44.85322	40.198335	41.7182	40.714641	40.189522	29.808524	28.890173	26.439039	27.929058	23.057167	38.308512	44.5659	48.380833	63.229166	46.588928	59.809305	52.706682	49.793257	47.320462	47.082943	40.415279	35.4288	48.575051	50.00973	47.766539
Niben261Chr14g0913002.1	Pentatricopeptide repeat-containing protein, mitochondrial	15.986075	22.293655	15.144284	16.157031	17.303792	13.234712	11.880221	12.529183	12.861585	17.811437	16.355697	15.978404	18.772791	17.065854	18.197758	15.967367	21.546369	21.241946	15.945233	16.488458	15.896783	18.30481	19.377067	17.734159	15.541679	21.638154	16.421855	19.386541	15.952446	13.873122	10.907962	12.688544	11.860761	15.483656	16.966071	14.178043	21.207631	16.859569	18.894344	16.472619	19.427759	18.073553	19.65394	14.311136	15.21165	17.142664	16.643448	16.739233
Niben261Chr14g1121008.1	Ribosomal protein L37	872.148109	1109.396593	964.924534	708.056314	775.108911	657.631325	626.484004	586.924343	582.378425	861.909516	800.723832	766.089176	1044.189554	899.12228	992.400737	819.791534	959.878035	802.501948	714.884393	621.670415	804.017822	596.837477	681.589816	728.49914	711.538016	1253.694516	914.712257	1010.391078	797.935774	666.82976	555.084688	502.018974	683.318848	924.15522	941.458036	867.271477	1556.285513	863.233788	1154.817269	909.490254	1069.719606	1085.897454	1247.961531	871.521076	839.327659	909.900725	971.412809	970.659776
Niben261Chr15g0725013.1	60S ribosomal protein L23a-like	35.590582	48.896074	39.072901	30.696561	30.265896	36.548879	33.181155	29.740904	24.992763	33.855499	27.719895	40.918551	35.112652	37.02908	49.202399	32.036927	42.025621	35.145364	27.159517	31.714129	31.463895	31.365971	34.484134	25.415066	38.688067	44.208769	34.000372	30.42705	27.928336	28.892986	23.668108	23.805583	21.806717	31.007859	37.105652	34.026296	40.555945	30.780434	37.308813	41.757552	39.056202	30.510906	37.766712	38.083789	28.900527	38.174139	42.077634	44.202059
Niben261Chr15g1224027.1	T-complex protein 1 subunit zeta 1	6.374004	8.352907	5.192055	8.227657	6.451908	6.425144	5.675211	4.95256	4.736684	7.877367	10.553209	7.506857	7.386879	10.030049	9.318199	6.957539	7.484293	8.861748	6.377163	5.23772	5.2071	5.959273	7.239708	7.757551	4.892877	7.35173	3.647905	5.884114	4.425883	5.884048	4.834023	3.443412	4.503812	5.27276	6.549432	5.670882	7.219179	5.865252	9.175471	7.376735	8.915583	6.821574	7.317381	6.109613	5.830814	10.679999	8.327704	9.307207
Niben261Chr15g1419040.1	Elongation factor 1-alpha	100.764758	144.978395	102.597639	115.074492	108.134312	116.750056	105.449613	101.41625	85.64898	123.151513	137.779067	106.977045	112.982369	123.961772	121.30708	103.834558	98.614854	113.423522	79.682672	75.923599	66.50805	66.166154	71.305742	73.117103	96.003539	129.313054	89.173576	106.277355	103.859878	104.773795	86.387482	82.978497	84.625379	113.675537	127.998846	110.280722	144.79763	114.845752	155.048719	107.36738	132.796383	116.302027	120.017774	90.709132	90.513405	103.196879	97.056727	102.036557
Niben261Chr16g0007001.1	Glycine-rich RNA-binding protein	29.500458	36.403595	28.000426	31.118009	25.859055	26.503723	24.607704	22.843486	24.237427	35.997087	37.61608	31.39606	31.648352	30.090843	30.852145	25.72278	24.253108	24.85669	24.133761	24.076253	21.011816	27.729203	26.803904	23.00171	26.792372	30.748818	25.960176	26.200442	25.698911	23.133274	16.122981	20.630086	18.625504	28.313929	35.453304	32.909846	39.706139	32.517937	35.391105	26.716071	31.518474	33.852228	28.670176	28.34147	28.758945	34.887202	31.226742	31.180542
Niben261Chr16g0648005.1	Eukaryotic translation initiation factor 3 subunit E	19.980838	29.349158	22.866515	24.050873	21.445812	21.921852	20.964399	19.570113	19.214614	23.842163	26.196021	21.082594	20.833102	21.815812	20.920207	23.70334	22.00231	21.807771	21.424926	17.590652	17.579752	21.759055	22.50617	21.368034	19.760198	23.841797	22.980831	19.260197	19.926311	21.631556	15.982394	16.28404	17.418042	19.789113	22.222015	20.082554	20.738985	20.818736	20.946026	20.367282	24.710526	23.439458	24.265052	23.991976	22.287099	24.973696	24.747338	26.692359
Niben261Chr16g0887004.1	Ribonucloprotein	126.432405	163.985698	169.265845	142.226933	106.198527	130.168705	126.258091	112.392956	120.251098	143.212679	136.51738	159.218472	152.918455	150.658444	185.111128	144.35379	136.870549	143.689825	119.643403	114.644438	104.5104	111.089857	123.220094	147.054805	116.922559	149.737437	111.019894	106.552372	100.810659	100.030952	99.236234	97.439586	88.988875	152.277627	142.440504	140.162499	179.974806	145.105791	194.91396	140.747778	147.339365	143.169116	125.77119	125.146338	134.579258	150.292134	189.571665	158.802704
Niben261Chr16g1091005.1	60s ribosomal protein l5	85.63057	124.093477	91.841364	94.383894	84.320915	96.131284	88.326214	86.349029	73.957827	109.975829	119.132626	107.077875	115.137799	124.060224	128.241791	109.017085	108.326441	115.615624	95.065432	88.284309	88.615287	84.158906	93.123006	96.609801	83.67871	94.930017	74.141208	77.355235	75.739861	81.644666	68.026783	66.033156	65.440537	92.796417	110.274587	94.39315	130.960996	102.502362	142.671186	109.900393	122.224344	109.221131	105.793436	104.126196	104.522401	128.469975	128.467884	125.817658
Niben261Chr16g1288015.1	Ribonucloprotein	62.470313	83.724041	60.538496	45.406324	47.386316	51.854978	49.607754	39.235285	37.306769	58.284888	54.732002	57.576637	65.523008	58.937782	72.722101	58.888737	65.139752	55.286696	50.680219	45.618267	49.539297	48.70742	49.919022	64.332724	57.133631	73.944345	50.7174	56.247079	48.178353	47.673359	34.655745	33.118387	37.553772	52.237235	58.635665	60.002999	89.864794	50.860747	70.95866	75.97704	70.926401	71.535253	82.143825	68.447487	77.441641	83.419741	95.940905	85.429097
Niben261Chr17g0154001.1	Ribonucloprotein	49.3265	66.049897	36.954455	35.451487	31.227871	33.438985	33.924214	27.168882	32.640537	42.00247	46.377323	47.83245	51.156297	46.32091	55.922646	42.429084	48.041843	38.827719	30.219072	29.559204	44.886952	40.839213	42.144048	55.972689	43.918825	55.04765	31.278128	41.593664	31.004308	30.546258	23.441705	24.751076	21.09305	42.407709	46.161072	38.510294	75.525369	41.295554	55.314177	58.439993	55.036405	57.238121	68.280178	52.181876	62.441545	70.435037	73.396644	63.439632
Niben261Chr18g0077003.1	60s ribosomal protein l12	160.403058	211.456522	160.138941	148.634754	135.890739	155.542701	137.844149	124.896922	102.350173	157.151978	178.216171	152.905417	172.921945	199.328235	207.762205	192.251117	187.896331	189.628217	141.515444	132.506794	112.407301	102.304503	127.473555	123.410188	139.340048	183.617963	120.01669	123.101807	135.475109	145.64362	112.958031	94.64538	110.166816	162.040588	177.631158	156.439133	214.499951	190.186456	236.382425	209.468059	220.484937	189.258257	177.501977	130.906438	145.320181	170.379243	153.289409	154.122539
Niben261Chr18g0725004.1	Eukaryotic translation initiation factor 5A	68.818046	103.622016	87.171725	64.424426	62.947103	66.7097	58.806879	67.124285	58.00549	74.735135	98.374643	81.952383	89.248914	100.893813	108.604996	83.148827	85.288048	76.449862	62.584858	93.374517	75.654107	67.667349	91.284432	71.744164	71.555351	90.852252	64.092896	67.478548	57.79048	61.277892	65.442672	53.044148	68.477998	78.256969	83.30069	59.02337	95.473413	70.066509	93.208402	84.323683	64.87017	76.189918	90.870924	58.999452	68.18143	78.007148	63.60077	81.109357
Niben261Chr18g0742013.1	40S ribosomal protein S9	163.762946	214.864024	177.084166	151.712076	122.60008	150.606056	144.336336	134.017807	104.399192	158.808527	166.217818	180.610673	189.603449	203.800468	207.150761	191.182797	187.926948	196.190773	139.665703	134.795324	132.260165	122.936801	137.503091	125.738854	152.649524	182.932415	140.604821	105.882646	134.016796	130.865547	115.025707	114.252488	114.836045	134.852764	160.845171	149.194117	207.098075	168.645206	223.813543	195.842695	193.851821	182.974881	165.345172	161.900184	171.675732	171.969987	159.363944	167.805212
Niben261Chr18g0828001.1	60S ribosomal protein L30-like	152.82885	216.785522	143.173615	147.711962	120.790972	152.484661	138.105798	106.289343	109.411233	153.931031	165.372889	170.108421	189.39066	192.925583	198.236284	180.25986	165.900005	190.185472	154.69837	130.90971	155.070829	153.076189	140.469729	160.721192	140.104663	203.277167	122.998337	132.093903	109.719404	119.831238	75.268042	86.345586	105.442864	148.710307	147.503087	140.846896	194.142677	146.674003	201.183482	182.360639	177.071369	165.427229	174.467467	168.963902	167.336738	196.567747	204.401225	198.608913
Niben261Chr19g0392006.1	Polyadenylate-binding protein	13.507499	13.964627	13.854545	13.277195	8.383733	9.390947	10.719809	10.070508	10.49702	13.458572	14.084631	12.059067	13.035608	11.50656	13.887429	10.785626	11.983674	12.553968	9.551753	10.449361	9.289829	12.404379	14.272637	14.653356	11.81646	14.878291	11.090944	9.857699	11.461716	10.904601	8.384463	9.923874	8.412817	15.935515	15.297887	13.439347	15.6076	14.555181	15.93908	16.152345	17.284715	15.398698	11.030643	12.53431	11.775684	18.055483	19.705163	18.272376
Niben261Chr19g1399009.1	60S ribosomal protein L6-like	65.336064	88.881758	60.566297	67.056111	55.102268	62.61708	58.943606	47.946954	46.353829	61.648776	67.636781	67.520579	72.172887	70.938427	71.017361	64.100743	61.615096	68.323291	51.311595	49.824418	60.121443	51.466949	52.514337	54.306723	62.836398	81.196907	53.76251	55.518258	50.835215	58.820606	43.33937	39.907585	46.470357	55.679187	70.523754	58.787676	86.827198	57.057257	79.433932	73.498992	71.617492	70.695397	78.324004	71.692758	70.480787	79.079419	79.680329	79.230108
