GeneID	Description	GFP22h1	GFP22h2	GFP22h3	GFP25h1	GFP25h2	GFP25h3	GFP28h1	GFP28h2	GFP28h3	GFP34h1	GFP34h2	GFP34h3	GFP37h1	GFP37h2	GFP37h3	GFP40h1	GFP40h2	GFP40h3	GFP46h1	GFP46h2	GFP46h3	GFP56h1	GFP56h2	GFP56h3	pcrtB22h1	pcrtB22h2	pcrtB22h3	pcrtB25h1	pcrtB25h2	pcrtB25h3	pcrtB28h1	pcrtB28h2	pcrtB28h3	pcrtB34h1	pcrtB34h2	pcrtB34h3	pcrtB37h1	pcrtB37h2	pcrtB37h3	pcrtB40h1	pcrtB40h2	pcrtB40h3	pcrtB46h1	pcrtB46h2	pcrtB46h3	pcrtB56h1	pcrtB56h2	pcrtB56h3
Niben261Chr01g0460004.1	Abc transporter c family member 3	2.132943	2.179917	1.986384	10.526686	6.784342	6.683673	8.070408	7.358885	6.955915	9.924909	8.77494	7.045487	7.084632	6.312626	6.088841	3.732131	3.828974	4.018533	10.938403	12.43507	9.555327	6.462446	6.131078	6.247493	1.46665	1.614085	1.331334	2.705334	3.483786	2.615636	3.249648	2.897953	3.061587	10.501094	15.194791	9.169898	11.792696	8.580215	8.621781	7.759275	9.555834	11.336474	20.023452	21.126232	18.642758	25.102499	19.780193	26.981649
Niben261Chr01g0908004.1	WRKY transcription factor	2.73773	2.378617	2.359417	4.690242	3.682109	2.119829	2.052799	2.524403	5.508132	2.938678	2.683544	1.612295	3.2283	1.244285	2.820225	2.090506	1.416602	3.633207	3.71895	3.309014	4.920535	2.545741	2.634238	4.202672	3.565403	4.809893	5.864298	8.090664	2.905424	3.333404	3.376198	3.781489	5.572439	4.047671	3.300966	2.625278	3.243691	3.004707	3.886196	2.252969	1.978191	3.685133	8.576278	7.222522	5.758032	7.422286	6.67829	8.338263
Niben261Chr01g1495011.1	Replication protein a 32 kDa subunit b	2.821297	2.269512	2.307179	2.659309	3.107847	2.412448	2.402779	2.383546	1.452772	3.223862	1.720167	1.884813	2.639691	1.887031	2.710756	3.133325	3.373272	5.800783	4.744469	5.8706	3.576605	4.524533	5.230267	4.916011	3.520166	3.959132	2.431936	3.18817	3.61216	3.581128	3.213742	1.919704	2.187738	3.719657	2.330623	2.902062	2.12984	3.977251	2.416439	4.0031	4.081631	2.39869	4.952198	7.403456	5.322778	9.350905	11.950709	8.819156
Niben261Chr01g1553002.1	Alba domain-containing protein	20.663428	21.976988	17.637438	21.121515	15.601257	26.89406	24.527792	19.772129	22.792989	20.539566	21.522308	23.659804	25.588938	26.955723	23.411824	19.447487	12.928543	17.502157	18.456821	21.599033	21.190889	26.37819	32.035115	40.187792	21.119992	21.691896	17.975754	23.613683	22.405425	29.837314	22.584001	25.588491	19.536414	29.964165	18.661162	17.612532	20.755157	20.657178	25.794463	24.17169	19.562769	18.626486	25.167907	31.11752	20.1184	39.999839	43.31791	43.152105
Niben261Chr01g1633005.1	Chr5:1888380-1889512 FORWARD LENGTH=162	7.790676	5.904456	7.111824	6.313996	5.378609	4.65912	5.414155	4.323369	6.414707	7.012463	9.961226	10.25566	8.68143	10.157767	8.2295	8.601225	10.69331	10.743907	8.959728	10.505155	7.209815	10.257905	12.554563	13.301207	6.07314	8.559129	4.928978	7.175854	6.692921	6.393954	6.219054	6.036585	7.247851	8.326914	9.972481	6.92404	10.146714	9.509719	10.835342	11.359886	9.78259	10.423656	12.479727	10.989831	12.56169	18.554557	20.255707	18.768824
Niben261Chr01g1829003.1	Aspartate aminotransferase	0	0	0	1.976248	0	0	0	0	0	0	0	0	0	0	0	0	3.951822	2.226711	2.892907	7.436074	2.764378	0	1.86938	2.266636	0	2.344093	0	0	1.487647	0	0	0	0	0	2.427705	0	0	2.430803	0	5.36073	7.501656	8.641351	5.981201	6.741931	14.377275	15.664216	10.130109	26.168431
Niben261Chr02g0347021.1	Cytochrome p450 cyp72a219	4.000896	4.370977	1.861156	12.888492	10.939344	9.699687	12.825518	8.583329	4.604766	18.716463	18.31498	19.2425	18.776452	21.837521	21.888333	20.530199	18.55792	14.55691	17.892337	14.96623	17.941944	10.309412	10.441	14.570854	3.046231	2.669701	1.341836	4.745047	3.365904	2.605705	1.961371	1.789808	1.493343	13.946882	16.135905	17.574064	22.99315	15.702065	19.129729	13.632866	15.247102	19.010035	34.480686	24.603619	28.940008	56.535368	50.673564	59.698025
Niben261Chr02g0787005.1	Compass-like h3k4 histone methylase component wdr5a	2.053368	1.857961	2.12872	1.772226	3.412505	1.640114	2.526429	1.507764	2.224139	3.263189	3.927189	5.590414	5.535343	4.79753	6.102287	8.016416	9.808861	6.20444	5.443295	8.057642	9.296217	16.53583	13.351254	9.872798	1.732116	1.614109	1.62797	2.550795	3.501925	3.901301	2.742342	2.739525	2.867857	4.457191	6.220216	7.348686	13.144085	5.255004	9.529708	12.189946	8.889521	10.378448	7.758235	11.156149	15.379513	20.610753	23.900373	24.677467
Niben261Chr02g0849001.1	Aaa-atpase	0.329936	0.427177	0.600282	5.195783	3.026587	3.056182	5.953906	3.920275	2.729956	3.845096	5.967709	5.911698	5.862134	3.467202	5.648567	1.999816	1.913909	1.988773	5.167565	6.049051	2.781958	8.132065	10.981905	16.537618	0.226777	0.2359	0.098373	1.566588	1.328683	0.481866	1.608867	1.645672	1.670212	2.595114	6.596489	4.627748	4.414175	1.161974	3.559409	1.449858	1.981708	1.521853	6.35782	8.339657	5.93217	32.250171	32.027818	34.05242
Niben261Chr02g0879013.1	intracellular ribonuclease LX-like	5.341459	7.640683	4.164047	8.990284	5.820006	8.766075	7.052959	8.91405	4.442587	6.663313	8.067055	8.417128	7.728044	7.481948	5.802676	6.106541	3.206269	9.058713	10.547013	9.99974	11.35886	9.294356	9.731464	7.446108	2.709781	2.746967	2.671777	4.591055	6.239304	5.421396	26.411917	5.816046	15.82354	10.384996	29.811614	19.14488	8.249092	7.298719	10.806628	4.201157	6.578691	10.046309	24.93905	13.760851	15.789929	52.345526	23.189367	49.794052
Niben261Chr02g1087008.1	Threonine dehydratase	13.356803	9.294893	13.462804	12.193015	11.013735	10.27155	8.966644	11.247829	10.09246	10.392327	11.636974	11.020555	12.485964	10.111852	10.687722	10.052229	10.198773	9.245594	11.794459	13.92669	10.996629	11.707823	12.731731	13.095002	14.510102	9.518222	13.536189	10.092721	13.466858	10.726006	14.372166	13.729249	15.776038	14.623438	12.514588	13.189886	11.571521	14.953705	10.619536	10.73513	11.054771	11.703419	6.365747	9.668303	8.722682	6.752324	6.438728	5.718848
Niben261Chr02g1198018.1	Aquaporin NIP5-1	1.916074	1.992681	1.35398	3.686258	4.447185	2.70143	3.454058	3.605179	3.231903	6.008422	4.32566	3.78658	7.934227	5.527295	6.378542	3.672962	3.458958	3.601712	6.002282	6.629496	5.303363	7.859196	8.005294	6.121075	2.032095	1.478488	1.440105	3.889406	2.753965	2.774583	3.569143	2.80176	2.533432	7.561826	7.671058	6.128472	9.550141	5.570356	7.373136	4.761622	5.955949	5.975037	13.543055	9.263934	9.467627	19.54292	22.019425	20.4727
Niben261Chr03g0041002.1	Purple acid phosphatase	12.371268	16.075873	13.126711	32.634546	28.04573	19.151004	28.142552	19.699448	18.3791	41.414401	40.646437	41.147224	45.73723	40.331333	43.286981	41.153885	34.121697	38.220926	44.314647	40.856504	44.841748	34.195928	33.336185	29.528428	9.617533	9.422759	8.371769	18.345169	17.635209	11.998546	11.526348	11.638272	12.781631	40.907318	46.693377	42.83779	62.659072	40.98939	45.008916	35.082054	40.577799	44.030381	56.953188	62.765103	67.847227	94.64107	75.514559	93.522777
Niben261Chr03g0330006.1	YqgFc domain-containing protein	5.343327	4.22775	5.439728	6.710192	4.123126	5.418401	4.792987	4.7279	5.698395	5.669773	6.142828	5.145215	6.172583	4.801352	6.099053	4.823605	3.757065	4.76307	3.880102	4.123936	5.350146	6.605143	5.522036	6.156944	6.427266	7.163116	6.284112	4.228488	6.061285	7.699773	5.888278	5.876912	5.766285	6.337544	7.089047	6.954531	4.766262	5.282531	5.337472	5.733606	5.773378	6.675009	5.483345	6.638508	6.173062	7.776419	10.20404	9.576356
Niben261Chr03g0501011.1	Chr1:8216125-8218829 FORWARD LENGTH=630	5.813439	5.544159	5.422299	6.779835	7.473948	7.018322	6.018673	6.005615	6.385166	6.227837	6.450183	6.684463	6.54145	5.555484	5.450655	5.079837	5.332701	6.150607	5.892161	7.166315	5.911591	7.102148	7.147969	6.18057	6.017656	5.714245	6.768685	7.068867	8.562418	7.258111	6.003779	6.252921	5.75618	8.198409	5.869748	6.814576	5.684965	7.563209	5.143166	4.873558	7.896043	7.009996	7.451878	8.02489	7.153719	7.389737	7.767716	10.643683
Niben261Chr03g0649003.1	Unknown protein	40.779825	25.330259	23.230847	30.611305	34.874115	38.315332	24.053041	28.670082	33.029485	39.119263	23.465203	46.140915	44.89314	37.230687	39.300074	34.28695	32.361653	36.658368	41.729401	26.143779	44.883761	42.687135	48.738107	49.954454	30.844536	45.176146	43.947913	42.022015	37.305896	56.510617	47.17724	32.87394	32.036671	46.006375	48.055766	38.014731	39.978745	34.201886	34.465973	36.208313	46.306135	39.350636	34.543629	49.578201	36.436799	64.285543	72.680061	65.438347
Niben261Chr03g0676003.1	Poly [ADP-ribose] polymerase	1.939517	1.942667	2.307558	1.834811	2.41345	1.843085	2.284123	1.97108	2.264625	3.685407	3.158218	3.471625	2.674059	2.92153	2.822278	2.740532	3.959245	2.813072	3.397277	4.010666	2.804928	4.111611	5.081805	5.372066	2.323878	2.093302	2.080466	2.858804	2.49602	2.002661	1.644155	1.870158	1.621131	3.290257	2.663524	2.820056	2.462447	2.963349	2.685942	3.780117	2.799219	2.41104	3.798304	4.330163	4.164844	13.353635	13.007436	11.853595
Niben261Chr03g0945004.1	HTH myb-type domain-containing protein	0.076556	0.87248	0.805859	3.632205	2.52344	2.931924	3.999055	2.472175	2.653469	2.676549	1.267349	2.41867	2.415577	1.697025	1.849066	0.710839	0.467139	0.818925	2.355841	0.846483	1.960711	2.105696	2.589814	3.489736	0.236787	0.123156	0.342385	2.427066	1.327296	0.603763	1.708357	2.432075	1.865607	2.150528	3.755604	2.866037	1.763452	1.404811	2.295919	0.281648	0.39413	0.846366	7.227675	5.481598	3.927917	8.364893	6.031901	8.172809
Niben261Chr03g1121008.1	Thymidine kinase	0.99883	3.879629	1.75385	6.364426	4.186235	6.108133	4.528644	2.927573	6.130924	3.880139	2.066906	3.09583	1.751569	4.723382	3.070241	1.279234	2.539602	2.433833	3.059279	5.314736	3.07927	3.431229	5.090696	7.150042	2.574495	2.008547	0.670071	6.20398	4.179401	5.365284	4.457827	4.311355	5.820627	2.244656	2.704915	2.599752	3.398904	1.666275	1.154523	4.093805	2.571731	3.146861	3.07388	7.055454	5.797949	21.251425	17.039129	23.419094
Niben261Chr03g1186001.1	LOB domain-containing protein 1	1.348677	0.595284	0.860412	1.579741	1.156839	1.503248	2.561865	0.78689	2.069715	3.453181	2.029713	2.501702	3.985784	1.915855	2.144438	2.276878	0.581911	1.592588	2.069066	3.024272	2.675024	2.406882	2.98863	3.528372	1.769717	2.070864	1.206357	5.117566	2.440969	2.127339	3.009606	1.86286	4.157702	6.368725	7.149651	4.467035	6.288986	3.681714	4.062594	1.578748	2.103647	3.453791	7.549192	6.428854	6.653067	10.214831	10.086536	10.397883
Niben261Chr03g1345003.1	RAB6-interacting golgin	4.066276	5.398878	5.627448	11.395463	7.065132	5.338983	7.198094	8.676392	11.725	8.646564	6.912474	11.475841	9.764806	3.815623	7.63128	3.22222	2.683816	2.923941	4.740791	6.674677	5.233937	11.740382	8.146268	14.301438	5.552474	6.701795	4.979902	10.261506	6.982165	6.01797	9.333571	11.268275	8.616961	9.570298	10.349421	7.448412	10.054275	6.006001	6.417839	5.425954	4.488458	5.618003	12.46858	8.91068	9.494453	16.902806	19.530143	16.222225
Niben261Chr03g1612003.1	WRKY domain-containing protein	24.399512	19.312016	17.122694	292.336891	150.582602	205.065761	341.749551	187.243431	129.63375	144.590896	189.768332	147.871179	58.97384	120.778471	122.160237	38.151173	22.598863	35.246193	211.042105	175.029244	173.193183	191.229815	217.761695	221.284489	4.841342	5.332342	5.929736	101.018994	72.805134	31.417976	64.447372	63.96986	53.460284	178.56824	200.192204	219.518409	77.027534	43.775917	77.61974	80.365712	91.486098	141.49191	336.938327	340.173049	358.30606	506.779774	465.893589	517.011177
Niben261Chr03g1866001.1	WRKY DNA-binding transcription factor 70	5.913685	7.132359	3.123869	14.708055	8.054631	12.630116	9.875156	12.171344	7.797991	6.670182	8.817029	6.653916	2.598183	2.845061	3.280825	1.882213	1.487591	2.259415	3.801822	3.488762	5.881133	4.681335	7.674744	7.492993	2.163733	3.529538	3.583537	16.815939	4.138858	4.764477	8.798178	7.999261	7.914839	7.322185	7.191565	11.084804	4.527568	0.71614	2.646166	3.860339	4.174231	4.371589	10.17997	14.219349	12.640619	18.571571	15.363639	17.826589
Niben261Chr04g0142014.1	VOC domain-containing protein	9.617003	9.504476	7.698952	4.850012	6.759579	5.431484	6.371717	7.077578	5.673097	4.456371	5.975419	4.799299	6.792324	4.816337	8.597228	8.399729	8.147515	10.418539	5.889463	7.516558	3.829719	7.575271	11.678565	16.246291	10.523247	7.989135	13.042528	6.411177	9.234294	8.015494	8.964408	12.692321	7.755155	8.141182	6.908314	9.890001	5.786951	8.597292	10.807423	8.891503	8.05264	9.640525	11.670754	10.502646	6.559681	15.029281	13.75822	18.89751
Niben261Chr04g0640002.1	AAA-ATPase At3g50940	2.102502	2.613088	2.684661	3.563669	5.054771	3.134534	3.535044	3.388533	4.209336	5.074671	3.66375	5.329105	5.019817	4.996744	4.455536	6.365575	7.146701	5.411267	5.923068	6.065271	5.232356	10.247765	8.902644	8.873331	3.048968	2.52817	3.246622	6.546155	5.918892	5.156614	4.411774	4.325191	5.444729	6.956582	4.924633	5.107059	6.183211	6.356851	4.119289	11.369423	7.37821	6.695889	8.75491	7.270927	7.057561	20.975242	24.324621	22.048692
Niben261Chr04g1127001.1	Amino_oxidase domain-containing protein	4.088642	3.862027	4.888483	4.112211	5.290299	3.351398	2.277357	3.401441	3.723159	4.105393	4.40836	3.776596	3.714003	3.572617	3.6407	4.311396	4.917113	4.614106	3.52696	3.788493	3.239537	4.074377	4.403721	4.912024	5.186719	3.99483	4.781027	3.813331	4.839028	3.725116	2.771376	3.361206	2.568345	4.374477	3.975727	4.58694	3.869819	5.035134	3.935461	4.040915	5.940896	5.006546	4.406919	5.062743	4.94858	7.100528	8.294216	7.599775
Niben261Chr05g0021010.1	nudix hydrolase 1-like	6.344633	7.648031	3.491022	8.0116	9.117181	10.907614	13.298622	8.362744	9.340789	10.198714	8.752748	8.640089	12.494489	13.674634	13.119578	6.602164	6.971868	8.023964	10.098838	7.443314	7.678618	8.160125	10.946524	12.251754	3.157889	3.87152	2.152627	3.478782	4.243923	3.062774	2.115593	4.381761	2.781667	14.258199	15.309436	13.951305	12.598974	15.328969	14.667205	9.658709	6.945788	10.541901	18.634615	22.438749	20.291697	35.670789	31.940915	36.234911
Niben261Chr05g0283019.1	Dihydrolipoamide acetyltransferase component of pyruvate dehydrogenase complex	19.516059	21.607888	20.193729	18.503487	20.0381	21.165486	17.682363	17.30995	17.440564	20.62059	21.992404	20.627833	17.458542	23.541532	20.806781	21.944906	22.654265	20.700685	20.728837	18.742122	17.753419	20.365239	18.102816	20.779269	21.553166	22.88287	16.50554	21.865485	21.351596	21.723221	20.994173	20.711056	19.067127	20.407798	17.162002	19.126432	20.626173	20.34674	20.315486	23.083765	24.756289	19.257291	16.767584	21.07644	20.869262	14.656204	14.020563	14.387455
Niben261Chr05g0326027.1	Calcium-binding protein	4.147316	1.007061	1.211899	6.182079	2.770431	2.699799	7.858792	4.52116	3.088154	8.647843	12.571284	12.953191	9.100987	9.20377	14.331995	6.012154	3.373013	3.485846	11.013054	7.584755	13.370101	14.256589	13.117817	6.129397	2.351357	2.168008	2.596725	2.676458	1.583278	2.397288	1.077335	2.433508	2.192626	13.738864	21.241866	18.072491	16.930052	3.804581	24.281403	6.861623	3.734583	6.147499	12.858275	11.507819	19.229554	57.594897	61.505912	64.971157
Niben261Chr05g0477010.1	60S acidic ribosomal protein P1-like	6.504737	1.80468	2.173709	19.534808	15.343598	23.093032	50.090548	35.521207	16.607248	18.051972	30.768919	13.454808	14.69792	31.049735	16.256362	23.727092	28.193296	23.896113	13.90193	14.22663	10.579523	27.363298	31.305886	64.144874	0.958059	0.74745	0.831188	0.923486	7.115051	2.930542	7.347043	7.707182	11.834723	52.217449	122.573586	87.091424	71.996011	63.071314	31.961684	31.628667	43.53862	77.160528	181.069019	153.901739	88.952577	1268.295006	1114.159912	1263.995133
Niben261Chr05g0878009.1	WRKY domain-containing protein	38.447317	47.02195	25.757117	324.751373	173.250144	214.794962	375.445411	213.600443	166.348729	250.147103	300.112682	242.489686	132.34155	221.038665	240.264351	93.626094	56.178329	57.824058	284.2517	232.426976	270.757053	330.320714	345.276611	342.187867	21.4504	18.692293	15.127298	153.198414	84.778735	52.519473	108.693178	92.766289	71.030683	284.497987	296.568258	284.852694	167.393377	74.591858	139.883785	191.692728	173.09111	214.841292	434.252518	470.718778	480.318694	491.46432	513.014086	516.158152
Niben261Chr05g1370007.1	DCD domain-containing protein NRP-B	1.635522	1.621857	2.624477	3.180993	2.130992	1.933169	2.606117	2.682188	1.913838	3.659085	3.344303	2.526807	3.362553	3.212112	3.246536	2.732489	1.672884	1.682065	2.671994	2.827599	2.673746	2.069036	2.604498	2.714351	0.930905	1.406697	1.396808	3.446215	1.169563	1.316809	1.331889	1.889513	1.833416	2.087548	3.769177	3.522344	3.596784	2.897812	3.808116	2.005536	1.470012	2.306842	6.895221	4.803794	6.845066	7.376242	5.745081	6.650523
Niben261Chr06g0482001.1	serine/arginine repetitive matrix protein 1-like	4.154205	5.717137	4.76752	5.31572	6.602291	4.117897	4.126919	4.7834	6.368664	5.321792	6.689699	4.534972	3.753304	3.569922	3.057821	3.252462	4.611605	4.134117	6.688861	5.995976	6.390023	5.982501	4.43441	2.836442	2.10844	4.041452	4.531102	10.946527	3.776788	2.619329	3.853207	3.85824	5.322137	3.282131	3.534136	3.769677	5.406916	1.909189	3.439384	2.425722	4.484222	3.328002	10.855528	6.006346	6.857273	15.280354	6.966984	15.326048
Niben261Chr06g0556002.1	Hypersensitive-induced response protein 1	13.647647	14.29191	12.949101	17.307141	17.780637	21.13846	19.326368	17.822741	15.806985	16.272065	13.69299	17.903243	20.363828	20.940818	19.230689	28.653973	26.186013	23.846172	11.49977	11.40737	13.677904	24.057351	21.273459	18.908011	11.934996	11.592248	13.928422	24.053899	15.62911	18.782872	23.140724	19.494141	28.760091	25.32351	22.713067	20.44928	25.285684	29.203077	22.701575	31.453417	29.626357	31.882648	31.058452	31.578076	34.75388	43.742986	39.791425	39.559296
Niben261Chr06g0560017.1	ABC transporter A family member 2	2.005327	4.009948	4.109452	11.697392	8.498013	10.338064	8.08344	9.124162	7.177966	8.093506	7.335179	4.781904	4.539785	5.390606	3.639018	4.554833	4.201332	3.994208	5.894292	5.699559	5.399867	5.018948	4.509537	4.73095	0.908984	1.224373	1.131963	6.091498	3.371255	2.713952	2.263719	3.960957	2.492202	6.148003	7.110502	6.184839	5.782837	5.26195	5.092473	4.02074	4.450475	5.357827	18.982885	12.963664	12.606664	11.844303	10.090002	11.350448
Niben261Chr06g0696012.1	Cysteine proteinase inhibitor	32.565666	29.517295	29.996277	46.27635	44.07479	35.367979	46.636981	50.817881	40.662239	57.138748	53.018297	64.696676	83.984215	59.805024	68.153327	76.833705	74.865293	82.081105	89.398467	85.386282	80.647401	108.916972	113.093428	125.615953	30.535842	22.61376	25.550112	56.464232	40.661529	34.403517	40.669195	51.967873	36.285688	59.234183	57.258493	64.79526	94.253124	69.325189	79.321065	70.886133	78.140225	90.76318	127.474785	108.71369	116.375888	180.704161	163.015695	174.820531
Niben261Chr06g1089001.1	RING-type domain-containing protein	5.463989	6.564766	6.715668	45.782361	23.083053	32.774575	44.154975	40.66715	20.229589	30.12994	36.411665	26.576803	12.937535	23.610928	19.823017	10.318901	3.767487	4.316451	27.62563	22.764256	19.06296	28.542507	24.297086	18.079597	0.954813	1.191868	1.573907	12.148717	9.218659	4.869182	7.990908	12.983709	6.868648	22.685192	30.319479	29.769049	14.738909	10.351129	11.204102	16.013452	16.290069	27.94147	71.752751	70.773377	72.736575	76.575933	73.075734	77.338159
Niben261Chr06g1197001.1	expansin-like B1	1.714157	0.979135	0.427282	4.582953	3.488431	1.813012	4.789825	4.131325	7.108235	5.390984	12.39439	6.040836	8.419736	5.64064	7.570582	5.738437	4.657853	2.465408	9.463089	6.517992	9.6604	10.792367	11.125088	10.750108	1.559393	0.405531	1.172505	2.505201	3.860464	1.749509	4.425212	2.855156	3.741743	7.966319	13.285524	6.17291	8.572215	3.955488	9.106527	4.269113	3.981544	4.038533	9.938774	8.708841	8.158301	34.157766	24.079895	27.314001
Niben261Chr06g1385020.1	Unknown protein	8.287807	5.542515	6.462314	9.367104	10.860869	9.031705	18.366844	13.826108	13.714973	24.146631	11.433455	16.365125	2.427253	11.360095	6.902691	0	9.365503	14.775957	12.340728	16.447949	5.241085	10.846336	23.037408	15.040894	14.241269	0	4.941821	10.981889	12.692179	4.357505	18.494441	11.44753	5.854149	12.416709	11.506837	22.239991	0	2.304324	6.542274	10.163603	2.370444	4.095863	14.174971	12.782273	13.6292	22.273767	51.216014	16.537894
Niben261Chr07g0480003.1	Eukaryotic translation initiation factor 2 subunit 3	0.976968	0.981209	0.713951	4.101218	2.207801	2.42799	3.200042	2.988594	2.263053	4.632328	4.829044	4.084236	3.604539	3.751745	3.421288	1.731321	1.545466	1.897335	3.89853	4.494951	3.667896	3.143055	3.779356	3.608263	0.503688	0.62193	0.473329	1.236087	1.07134	0.642033	1.029111	0.851925	0.819231	5.441398	8.81617	4.91567	5.659022	5.43271	4.48651	3.287383	3.974355	5.219548	11.693058	11.837351	10.077317	18.559487	18.489997	17.869099
Niben261Chr07g1155002.1	At4g35750	8.672525	5.731864	6.973442	4.364154	5.905571	4.542951	5.602099	5.057899	5.367127	5.281668	6.801092	6.906584	6.13051	5.756968	6.190635	6.062044	7.136699	9.716735	5.092841	7.518585	5.726589	6.314974	7.937674	7.016856	12.628983	7.389025	7.594194	3.969782	8.721271	4.937169	4.706415	5.088494	2.56337	5.044	4.880145	5.369347	5.809896	10.792663	5.614417	9.058415	9.695023	10.118526	6.501141	9.933013	8.207167	18.652772	19.84683	15.768862
Niben261Chr07g1258024.1	Polyribonucleotide nucleotidyltransferase	0.923112	0.896382	1.079678	1.251992	0.967764	1.760446	1.168992	1.120171	1.833121	4.482499	1.273481	1.215187	2.703522	2.277558	1.025114	1.071418	2.503556	1.410665	1.527261	4.449181	3.210693	5.73841	4.145011	3.589896	2.855198	2.227543	2.201866	1.223185	2.670285	1.617825	2.288831	2.337589	3.260234	1.037248	3.075997	1.601782	3.543969	3.593242	2.371117	3.962148	5.01647	3.877745	7.894182	7.118575	6.679408	12.955792	11.76564	13.815176
Niben261Chr07g1521002.1	Shikimate kinase	16.382652	13.969871	17.259048	19.740267	16.850685	16.892186	17.739742	14.924476	16.853611	23.642957	22.385808	21.185532	18.228045	19.419738	15.139116	11.498761	11.677883	11.896498	17.453089	17.939013	18.188683	21.290479	16.108872	16.018809	16.943998	17.419538	19.300242	24.401092	22.455214	18.677291	20.303452	21.588905	16.720815	16.26559	18.099275	15.799727	15.605805	17.772145	14.508421	14.8471	18.282285	17.366388	30.686409	22.950887	23.887567	31.135091	25.971238	27.64794
Niben261Chr07g1522014.1	Glycerophosphodiester phosphodiesterase	6.279069	6.155402	8.815285	9.352002	8.510292	6.6491	7.949734	9.221864	9.316469	7.83996	7.637235	6.61455	3.731978	4.61133	3.403319	2.355699	1.558655	4.431895	4.406349	3.129181	5.025494	4.835821	2.997611	4.09408	5.522405	7.311088	9.270087	9.509152	6.044526	4.03305	5.650391	6.468657	7.022745	5.36892	8.670429	6.347489	4.945699	4.190177	3.996922	2.929945	3.46593	7.329402	10.204958	9.176781	9.088832	17.213276	9.461128	16.545522
Niben261Chr08g0274011.1	protein NBR1 homolog	3.822728	4.975065	4.729254	14.040937	10.959018	9.630466	12.372838	14.549929	8.278127	14.496906	18.3929	14.814553	14.445525	12.685563	13.647935	10.20444	8.949192	8.268304	18.736472	17.041789	14.094589	15.357902	16.558064	14.278986	2.470773	3.629073	3.310348	7.870813	6.215036	5.452976	6.487905	7.491673	6.48875	13.888335	17.882586	16.848009	16.858327	11.34991	13.754389	10.670017	11.425839	13.397037	32.407412	26.39697	24.195838	27.78452	30.973184	27.61174
Niben261Chr08g0579001.1	WRKY transcription factor	8.556747	11.231954	4.63317	24.640126	12.4343	14.116012	17.682861	17.254387	15.39181	20.543364	19.345242	17.991662	5.429417	7.801509	7.568773	5.701105	3.813852	4.661208	8.914551	8.625275	15.857328	12.908664	10.091572	12.940584	4.084018	5.544089	3.96848	26.345537	7.441589	5.123576	11.904272	14.421578	17.517826	16.084896	21.812683	27.29244	9.097288	4.625803	8.669149	11.148768	14.275756	11.580377	24.065759	31.200922	29.212459	38.586577	29.650529	39.498367
Niben261Chr08g0671010.1	Expansin-like protein	5.688085	6.203417	5.629514	7.002732	5.917567	3.862368	3.906476	5.694503	4.257666	4.079486	4.939921	4.723258	3.460012	4.534154	5.976907	10.969749	8.069572	17.652737	7.115782	3.944956	6.308921	11.767768	7.399181	7.078791	4.601509	4.505026	5.244583	6.783625	4.82467	5.659419	6.053852	5.560191	7.046891	3.539967	3.061887	3.530534	5.314476	5.547543	5.259977	9.819693	7.358787	10.24998	15.356734	8.233165	10.361718	19.991322	12.168376	21.130557
Niben261Chr08g1100015.1	Heavy metal-associated isoprenylated plant protein 16	4.220708	4.09849	5.92388	12.879967	6.637301	8.279191	3.607829	7.490501	11.734104	12.706989	5.240415	6.389569	9.641737	2.082716	6.679097	2.93928	2.575553	4.837442	8.589128	10.410728	5.605136	16.985324	8.393055	14.444257	5.657036	6.450437	8.683219	18.875415	7.756452	7.545056	6.906982	8.744776	12.968768	35.094994	15.822285	21.422005	21.212433	14.082197	13.009628	7.763984	14.848426	12.515331	39.848037	48.17098	32.899884	32.517455	37.656877	39.584369
Niben261Chr08g1102003.1	WRKY transcription factor	0.186305	0.634459	0.108952	2.02421	1.173214	1.065898	2.831143	2.460722	1.943788	4.164709	5.140353	4.046663	4.172312	3.604427	3.726944	2.594852	2.40272	2.273166	3.006897	2.776512	4.948342	4.937365	6.695239	2.900782	0.193398	0.599426	0.499935	2.129225	0.42797	0.686671	1.108652	0.83605	1.381779	3.768143	5.505419	4.368131	7.3249	2.177897	4.019815	4.717683	1.761022	3.45885	3.919329	3.163131	4.687575	16.043208	11.555475	13.120415
Niben261Chr09g0732011.1	Phosphatidylinositol 4-phosphate 5-kinase	1.510207	1.977501	2.431003	3.750559	4.309898	3.832199	4.878048	5.201126	2.859111	6.291726	7.186476	5.812249	5.739618	5.348293	5.064924	4.309516	3.937605	3.477056	5.502676	4.679138	3.524589	5.135279	5.641484	4.488675	1.269812	2.154002	2.320854	4.997782	4.285057	3.045716	4.449328	4.216542	3.620433	7.288068	8.783639	7.773145	11.154645	7.497261	6.445146	6.000349	6.347593	7.156432	19.178147	15.138431	12.268331	15.637755	16.603879	14.31318
Niben261Chr09g0906003.1	Germin-like protein	26.595162	33.142723	35.446235	83.26128	58.377309	69.373246	81.365522	49.820069	52.911206	44.543021	54.733583	48.953138	56.86214	52.400972	56.379874	42.822299	32.175218	50.136717	49.16181	44.173827	51.225916	52.268502	59.502765	54.634115	20.366331	20.45124	30.958712	47.268229	36.910843	32.502094	32.756752	32.26892	35.679176	62.629494	68.041395	69.243692	80.135629	48.163851	54.398989	52.963591	54.974227	72.933665	95.753652	67.319996	91.840107	120.703764	113.837259	117.161548
Niben261Chr09g1062005.1	40S ribosomal protein S15-like	0.537904	0.522328	0	6.688009	3.66489	4.982603	8.05074	7.996344	4.094449	6.680919	8.906602	6.373946	3.308902	11.052367	6.868239	5.618601	1.823819	2.496591	4.628556	5.032897	2.891788	4.047949	7.592248	3.207816	0.369721	0.144223	0	0.712758	0.366116	0.377328	1.733832	1.362129	1.140024	7.72413	13.593049	14.073767	12.820943	8.26453	6.111431	7.751017	6.616167	10.367723	26.86512	23.779441	15.628294	46.00225	51.79453	50.274023
Niben261Chr09g1103005.1	WRKY transcription factor	78.203652	88.156733	82.75781	182.779199	109.891091	100.765702	131.014617	126.309601	115.992743	156.478531	152.18702	145.339103	95.03482	110.954283	95.178753	50.372005	37.098446	48.745887	117.495791	118.613779	128.266847	115.604487	82.467765	100.453804	37.504046	59.737421	49.215282	204.635676	60.061609	49.48771	76.316169	89.666361	91.643735	147.10934	163.519947	171.010296	123.323894	74.267041	87.594769	77.762123	59.258876	100.733503	220.630006	183.946337	194.635218	185.446726	169.430453	191.559593
Niben261Chr09g1220002.1	L-type lectin-domain containing receptor kinase IX.1-like	1.295282	1.527298	0.757485	3.701735	1.600425	2.41979	3.470976	3.852285	2.204724	1.931837	1.850726	1.55287	1.503851	1.635944	1.502622	1.342304	0.658671	0.954354	1.056195	1.967316	1.579726	1.18055	1.216643	1.295287	0.190777	0.372097	0.289649	0.367786	0.448679	0.389157	0.688203	0.734812	0.196057	3.482646	4.932734	3.913181	3.051482	3.974374	2.281424	2.255026	2.659454	3.566455	6.123925	8.133541	6.20765	8.205487	8.522593	7.061685
Niben261Chr10g0098010.1	Outer envelope membrane protein	8.218612	47.88377	9.612541	30.653362	42.003747	30.22751	78.057855	33.659058	16.32056	95.780123	73.696984	83.847212	68.599145	111.525968	71.873138	66.773008	44.579092	47.097621	87.703486	52.427309	66.265918	137.13619	129.16286	134.237855	12.710132	6.61072	11.027	28.586779	20.977021	15.123934	21.396703	17.027931	21.769774	46.17391	71.888458	90.913341	103.262748	44.559157	47.498439	60.472481	52.88969	57.878748	177.113468	107.742207	109.474818	305.547954	342.822454	258.29715
Niben261Chr10g0300010.1	WRKY transcription factor	16.340641	18.243653	16.40381	27.99261	18.0251	18.744915	15.402798	16.790182	18.644012	26.590574	23.504996	21.38631	11.730407	16.602326	15.082174	5.376788	5.871551	9.038455	13.133661	15.661764	23.135636	22.392113	14.785058	16.276437	9.305978	14.911807	13.089551	38.787007	11.365747	9.552492	13.37831	15.664647	19.77056	26.515739	18.133198	22.933247	17.560762	14.953164	11.838541	14.984056	11.77233	21.380274	33.913049	40.820912	42.719277	42.498769	31.09912	41.491005
Niben261Chr10g0348005.1	40S ribosomal protein S15-like	1.330999	0.850556	0.745076	19.234195	5.582275	11.949327	22.246094	12.490787	8.089071	11.554597	17.985925	17.355711	13.793737	24.281488	15.502668	17.499332	5.978067	8.255215	9.666294	7.15669	8.794697	9.771876	12.343825	10.824343	0.457422	0.295256	0	0.661373	1.444305	0.699505	2.578693	1.783388	3.055314	15.104121	32.665378	31.61976	30.548228	24.155743	20.802036	19.774463	15.184061	27.763596	42.194358	49.235128	28.887706	120.710365	108.616834	118.974733
Niben261Chr10g0496016.1	AMP_N domain-containing protein	2.941898	3.302846	2.449075	3.565487	3.531395	3.049981	3.466542	3.021422	3.114305	4.606314	5.000227	4.384222	4.62298	4.841681	4.097049	4.073833	4.03614	4.92995	4.779297	4.488378	4.286589	6.320235	5.848833	6.619058	2.033417	3.269954	2.045203	2.998331	3.084556	2.845488	2.366835	2.999533	2.897454	4.472104	3.76088	3.623671	4.052958	3.845671	4.011091	4.862971	4.134482	3.596259	5.567998	5.354054	5.520124	9.00322	8.213068	8.498312
Niben261Chr10g1072003.1	Hypersensitive-induced response protein 1	6.768164	8.530767	15.492896	13.368912	11.001214	9.166846	11.922618	10.969746	10.788185	6.928675	8.193399	9.848795	7.133732	7.700301	10.918843	8.54139	5.528221	6.418147	9.294972	9.729887	7.959126	5.75955	8.640265	7.499172	5.249594	7.295069	10.142095	7.64207	10.634714	8.847194	6.647281	9.558642	10.063768	10.696517	9.767296	11.109433	9.158902	12.990433	9.585014	7.488143	7.10437	7.756847	15.900356	20.622479	20.263649	13.08461	13.27816	14.35448
Niben261Chr10g1091006.1	Asparagine synthetase [glutamine-hydrolyzing]	0.30806	0.42854	1.589221	1.799892	0.921672	0.833821	2.282117	13.434308	0.897989	0.582355	1.066827	1.039112	0.841168	0.891702	1.005867	1.43871	0.800632	1.017734	1.11077	0.997132	1.188417	0.791264	1.732571	0.75845	0.159679	0.027423	2.377922	0.684949	0.744386	0.367004	1.928718	6.498859	1.020179	0.260772	2.567803	2.745302	1.810554	0.771238	0.930122	1.934417	2.295588	2.733611	1.430636	1.423441	1.53602	18.033066	8.349442	15.457533
Niben261Chr10g1117004.1	Tetraspanin-3	12.161795	15.387158	17.821414	31.81094	24.853856	23.793498	25.062708	27.209441	25.505017	27.742707	34.128326	34.072676	41.546598	41.873639	40.989063	38.233203	34.613744	41.045857	43.551452	33.160178	40.750771	33.405971	33.962568	27.215092	6.679781	9.679786	7.959686	33.292387	18.050837	17.371334	35.592954	30.944099	40.113644	28.594012	35.387838	36.771461	38.24931	38.703474	31.760056	38.868099	47.587536	46.481629	71.053697	64.642749	68.392975	76.062699	62.303254	75.852308
Niben261Chr10g1138009.1	zinc finger protein ZAT11-like	2.824934	0.575611	1.06159	3.185919	1.338522	3.677879	3.520401	2.144029	3.775009	3.328112	2.549452	1.177628	2.787776	2.337047	0.860145	1.705193	3.853898	0.85259	0.118792	0.810611	0	1.430138	3.04207	2.656078	1.263329	1.241723	1.853488	6.052001	0.860548	1.642985	1.168232	2.193814	0.781485	2.618362	2.657491	2.593654	5.244702	1.7955	1.965101	2.534132	3.798756	1.787998	10.446683	4.502557	5.084296	8.832946	17.987624	8.763336
Niben261Chr10g1252006.1	auxin-induced protein 15A-like	0	9.484571	0	6.62363	7.669856	7.972644	0	4.438865	4.814482	14.228726	13.474634	22.493267	4.260294	4.016453	8.135007	0	3.287651	0	4.835209	4.153813	4.632569	4.793511	6.265449	7.596898	0	0	13.105028	4.853419	9.949045	5.12193	3.632699	10.107675	0	5.487534	8.136741	19.066921	0	12.220683	3.763299	4.491779	16.723122	0	5.011675	7.532126	24.01813	13.125116	28.293546	34.034027
Niben261Chr11g1146016.1	60S acidic ribosomal protein P1-like	1.555064	2.516724	1.818813	12.654574	6.113565	9.995899	18.336244	11.557319	2.058983	14.597359	22.166765	9.894875	9.563036	18.915728	9.064245	7.220028	9.577934	13.206575	10.769403	12.344767	11.799699	23.912374	28.755303	22.274557	0.534426	0.833887	1.854619	1.030281	2.117046	2.180797	4.384282	2.144562	1.636562	22.127173	36.557022	48.558891	32.023351	29.672454	18.519711	19.543831	29.085966	33.041479	73.471389	71.643458	49.602966	234.715019	271.009663	276.514575
Niben261Chr11g1335005.1	Nuclear transcription factor y subunit b-10	2.383041	2.892545	2.090415	4.444072	2.810599	3.408481	3.395008	2.439916	2.957659	2.892925	4.931291	2.744909	6.281297	3.91972	1.98477	2.074422	2.827563	2.276044	2.3656	1.520164	3.390748	2.339032	4.968072	4.170337	4.913849	4.792054	3.730243	1.776198	1.824728	3.44558	3.545208	2.46868	1.893687	3.347107	3.970387	3.101285	3.118928	2.981589	1.377249	3.287699	1.022381	3.974761	3.056858	2.75652	5.290491	5.870795	7.593333	8.916067
Niben261Chr11g1362017.1	CASP-like protein	3.379979	5.637395	6.957668	12.606497	7.825218	10.559148	10.820916	14.670234	4.290552	4.559107	7.512546	4.065277	5.444439	6.022957	6.412295	4.141011	0.891219	1.721733	3.075637	1.916536	3.918636	0.921538	1.324976	0.58507	0.580798	1.510392	1.17571	7.091186	4.50517	5.126043	3.352246	8.696212	5.570751	8.861757	12.343559	8.312842	10.559451	7.988074	9.097722	1.727068	0.966722	3.178345	17.324931	11.868491	9.263953	18.806859	15.447767	19.293779
Niben261Chr12g0148002.1	Abc transporter c family member 3	0.939615	0.852361	0.776877	7.780991	4.689861	3.915642	5.091153	5.35373	4.067931	4.804122	4.273515	3.285605	3.441864	3.375668	2.18631	1.228498	2.436947	3.126781	6.236649	5.757659	5.649624	3.6576	3.271816	3.720468	1.197834	0.71354	0.751423	2.003371	2.669382	1.656721	2.057977	2.56977	1.545405	4.460336	5.942088	3.170974	4.563871	1.774189	3.936274	2.274893	2.978676	4.269541	8.132575	10.145855	8.036991	12.296953	7.353825	13.215763
Niben261Chr12g0148003.1	ABC transporter C family protein	5.009159	5.128126	4.752084	15.136285	10.017891	11.210563	10.290143	10.261415	8.859406	11.754501	11.89136	9.382812	12.232916	11.315993	10.850842	8.385332	9.598293	8.410676	15.479215	16.681465	14.654336	9.019126	9.346993	9.394111	3.587065	3.988014	3.877084	5.086139	5.635493	4.302654	3.875422	5.154491	3.853165	12.422839	17.034859	11.901939	15.039858	9.305752	13.028843	9.600209	11.028006	13.679265	25.844301	25.379415	23.779541	33.631395	27.517085	33.003965
Niben261Chr12g0263003.1	glutathione S-transferase L3-like isoform X1	5.949615	7.686221	6.699071	9.666941	6.907257	5.949486	6.51601	5.52414	7.2987	5.395079	6.06715	7.495336	13.378191	5.660221	8.265109	4.030238	5.016123	6.346711	12.845352	14.638864	14.463045	20.395943	20.765971	26.498169	6.670628	4.924192	10.388806	8.66494	8.115444	5.344005	6.621555	6.481638	6.736262	10.919574	11.933316	13.34816	12.761003	10.514213	6.209131	8.990118	11.397342	13.163953	14.421118	19.383057	17.916281	35.140629	46.943691	37.599996
Niben261Chr12g0343002.1	Glutathione S-transferase T2	1.385786	1.682073	2.566305	2.114442	0.998812	1.038243	1.53554	1.576512	1.146625	2.130906	1.75245	2.584356	4.16002	2.94422	3.654916	4.289132	3.914964	5.206025	2.636651	3.339579	2.848139	7.481068	8.148558	6.736487	1.666876	1.672006	2.065916	1.377193	1.709618	1.942957	3.092415	1.914117	2.202434	3.503539	4.040505	2.855478	5.682989	4.527286	3.737523	7.328809	6.440797	8.132716	4.621824	9.706886	6.836726	19.656282	22.078379	21.430805
Niben261Chr12g0429008.1	WRKY transcription factor 6	4.147457	2.603983	1.489915	36.588701	24.249151	24.470634	49.964703	23.652495	11.95753	23.344016	42.374881	25.286859	17.780378	28.708647	28.044443	8.473166	9.435948	8.230054	38.736313	29.006936	26.816686	40.089356	36.445855	31.539873	0.827672	0.807168	0.83208	19.499719	10.653718	5.075316	6.416038	6.34066	6.597734	28.303952	36.797221	42.115941	28.561769	8.196248	13.577208	25.646599	32.137275	30.555546	57.154671	41.577826	44.60314	68.684543	78.888356	71.105365
Niben261Chr12g0677001.1	U1-type domain-containing protein	3.91682	6.583655	5.262554	6.287694	6.259198	6.044985	4.992807	4.296731	5.355554	5.765008	6.175613	5.92308	6.453902	6.855748	6.392697	6.097168	7.183974	8.577869	6.881828	6.373587	6.242168	6.97332	7.323829	8.07881	3.991101	5.066843	2.718348	8.110827	5.354988	5.956333	4.372356	3.48056	3.359825	4.813731	5.476117	4.743103	7.08353	4.4181	5.213233	5.630457	6.64145	6.564161	9.509229	6.651639	6.755549	10.517057	12.284654	10.753374
Niben261Chr12g0724003.1	WRKY transcription factor	0.932193	1.67255	2.016843	3.989895	2.934058	2.344728	3.475921	3.461742	2.567821	4.180302	5.049756	4.581056	4.727867	2.538493	4.421254	1.580542	2.335292	1.426508	5.554712	4.20876	3.605185	6.197351	5.891448	3.179958	0.518625	0.57689	0.513674	2.92322	1.685278	1.320399	2.080509	2.725541	2.281411	4.517457	6.691428	5.975194	5.482728	2.036004	5.194558	1.121744	1.354299	3.243602	7.142128	4.703859	4.953437	16.970149	14.459386	19.471438
Niben261Chr12g0973005.1	defensin-like protein 1	0	0	2.736391	4.759668	1.839563	3.824369	4.444128	4.258527	4.645955	4.54427	16.137874	16.93907	12.333499	5.772358	3.897151	2.715457	9.517709	10.725781	2.322461	1.989923	11.096378	2.296377	4.502283	1.819683	0	0	0	4.650152	0	1.230089	0	0	2.478871	7.886564	15.591928	9.134187	4.899281	3.902955	5.408531	2.151829	12.044838	3.46869	7.20267	5.412503	2.30845	54.493485	21.686861	51.353695
Niben261Chr12g0974001.1	defensin-like protein 1	1.184948	0.575318	0.346483	6.433889	3.03326	5.580537	9.584367	4.457957	4.123183	7.767944	13.102826	11.349285	8.589783	8.049707	11.632646	4.824792	3.416529	4.532393	4.562235	3.527839	5.058656	6.111283	8.747063	5.309142	0.916264	0.476562	0.529952	0.883308	2.122463	1.55763	2.867305	1.230072	1.569367	12.983652	16.81291	8.943509	12.117441	6.429779	12.114116	6.003525	5.350687	5.938619	8.832138	8.471439	14.0746	39.346922	26.130141	34.346865
Niben261Chr13g0201010.1	Replication protein a 32 kDa subunit b	3.53256	4.447056	3.337007	4.867422	6.757472	4.75275	4.013862	4.936289	5.654565	4.899566	5.048108	6.744106	5.486832	4.330697	5.997527	6.295035	6.115332	6.735815	9.227521	8.221489	7.18067	9.606309	12.620608	11.974054	4.772051	3.610006	2.819775	4.325237	5.91303	5.25689	5.700346	5.467909	4.885266	7.215471	5.642504	4.948157	6.207154	6.354078	5.268698	7.536858	8.271431	7.140849	10.399524	9.404623	12.056688	20.982784	21.412026	21.272922
Niben261Chr13g0324004.1	Lipoxygenase	0.935801	1.17762	1.99909	4.685257	2.8187	3.232306	5.171652	3.962753	3.998171	5.685362	5.262199	5.029052	5.873898	4.273464	4.858607	3.382529	1.42255	3.12349	3.238528	3.078485	2.059328	5.802289	6.578626	5.824797	0.782271	0.690382	1.251856	4.160211	2.488343	1.506677	3.18559	4.30934	2.932185	8.435342	10.378675	6.744524	6.846635	7.153419	8.275682	2.831475	2.446967	4.948977	18.95937	13.805435	10.302505	22.327852	20.137632	21.411247
Niben261Chr13g0790005.1	cyclin-dependent kinase C-2-like	2.110024	2.518532	2.793256	5.795371	6.025028	4.06246	5.713583	6.186097	6.027351	9.477158	12.225195	9.569663	11.208262	10.782277	9.85721	8.772411	12.517524	11.480028	11.618086	12.042274	11.833254	20.763459	20.64006	17.216079	2.75935	2.468626	2.534607	6.273529	5.520745	5.599971	7.935981	6.328699	8.438069	9.733772	10.754218	11.75516	13.17149	11.517863	10.250541	13.937523	14.375015	13.589933	15.226963	12.460967	12.964134	28.298908	30.761639	28.70143
Niben261Chr13g1231008.1	RNA helicase	0.367302	0.534999	0.343679	4.956705	2.16601	2.236509	3.01757	3.351185	2.169934	2.033263	1.874833	1.257144	1.064961	0.724983	0.933043	0.404996	0.348653	0.168389	1.19411	1.483934	1.236871	1.135634	1.201618	1.285561	0.056803	0.088633	0.065708	0.949063	0.506247	0.395891	1.079196	1.230288	0.895089	3.177913	4.589715	2.031525	1.94213	1.133574	1.273665	1.266846	0.945487	1.74261	8.405465	6.004784	4.512055	8.769061	8.703314	9.967874
Niben261Chr13g1455011.1	Hydroxyacylglutathione hydrolase	5.561465	6.810365	4.171031	5.3385	4.845985	5.048793	3.658257	4.79894	5.855588	5.903237	7.058467	6.402759	6.326882	6.030192	5.552935	5.931944	5.767675	5.387088	6.571466	7.147624	5.725538	7.111548	8.119992	6.980604	4.173674	3.812413	5.655723	6.560325	6.043268	5.290259	4.424172	4.695082	4.709607	7.007893	5.007264	6.218318	5.873974	5.724169	4.840784	5.753393	7.433014	5.791259	7.567371	7.59736	6.86441	12.761005	12.455744	12.960784
Niben261Chr14g1173013.1	Poly [ADP-ribose] polymerase	1.777372	3.480834	3.87239	3.712567	4.707194	3.338635	3.394744	3.222597	4.538981	3.123951	2.928147	3.112142	2.926658	2.224261	2.137207	3.079974	2.988373	4.799836	5.714209	5.698789	4.070136	8.154801	6.6204	5.883231	2.5973	2.547392	3.294326	5.990381	4.39308	3.283775	3.407705	4.486855	3.65533	4.582619	2.34631	2.724555	2.125763	3.964515	2.553124	5.219764	3.860679	3.655386	10.909562	10.40153	10.306656	34.22622	29.726786	34.02584
Niben261Chr14g1358010.1	selenoprotein H-like	6.436871	4.585422	5.72638	5.631612	3.742525	4.472556	3.091142	4.618777	4.90477	5.504085	4.304414	3.86541	2.68659	3.087648	3.577882	2.202799	2.663597	2.065271	4.197631	8.249914	4.20836	5.294536	5.169012	5.952303	6.22476	5.488349	6.507737	4.530961	4.301603	5.22859	3.297215	4.347649	4.078865	7.072513	5.369426	2.995358	3.427011	6.525133	3.297279	5.911494	3.487804	3.31259	9.886489	7.277859	9.044936	9.599856	10.182519	6.445289
Niben261Chr14g1423005.1	Transposon protein, CACTA, En/Spm sub-class	7.4911	0	0	12.699965	5.890088	12.24523	46.246307	8.522098	3.718966	21.825414	10.334357	4.930648	6.581762	12.321658	21.836973	8.694608	5.079118	5.723805	9.295345	15.928813	10.658833	14.705515	14.415839	17.479301	3.861677	3.012769	0	11.166975	1.912013	7.877235	5.57219	10.347078	3.968542	25.251954	18.721395	9.748904	19.608733	21.869494	31.748839	6.889931	9.641578	5.553191	38.436991	28.883781	36.957072	107.373808	86.798825	145.744025
Niben261Chr14g1423006.1	Transposon protein, CACTA, En/Spm sub-class	3.291849	3.196528	1.925084	7.813127	0	2.690489	10.942739	5.242868	1.634242	3.196948	2.270637	3.250047	4.338382	4.060923	4.112538	0	0	0	5.718575	4.199803	3.122574	6.462113	5.279016	2.560337	0	0	0	1.635719	0	0.865383	0	1.136716	1.743915	3.698861	8.22683	4.284006	3.446703	2.745775	0	4.541512	2.824562	3.660397	10.134328	5.077014	4.872065	22.117393	13.349844	24.632683
Niben261Chr14g1451001.1	Fibrillin protein 5 homolog	11.721681	9.048313	12.33257	8.064995	14.065612	10.815005	9.665218	7.81096	8.499675	9.287647	5.680132	7.253657	7.302075	5.243392	7.61637	8.813941	7.913535	6.745081	9.083122	10.324011	12.391321	9.266395	9.165392	7.453005	14.484647	14.299922	17.766343	18.27702	17.642631	13.472865	10.095491	11.431187	10.898208	11.007018	6.332548	9.254514	8.423356	9.99939	5.763215	11.14057	12.488827	9.889306	14.990016	12.415465	14.545856	24.291291	24.247866	26.700705
Niben261Chr14g1480004.1	Protein lurp-one-related 17	0	0	0	0	0	0	13.347855	0	0	0	12.925281	15.346679	20.453532	11.558112	0	0	0	0	6.975466	0	13.331105	13.794248	27.045043	25.505119	0	0	4.190252	0	2.391373	2.463034	6.970735	2.887531	0	0	35.122546	6.096526	9.809933	7.814968	10.891793	0	0	3.472715	0	10.837567	13.86677	75.443412	43.424081	56.090488
Niben261Chr15g0122001.1	Aminotran_5 domain-containing protein	9.010323	9.597725	12.785144	9.70809	8.579184	7.578909	11.343651	12.560049	16.028285	26.922059	17.823637	24.948985	25.869687	17.128739	22.149668	16.147345	15.167628	20.602668	13.28862	15.768325	14.270469	18.842804	21.368245	25.162439	7.701688	6.964041	7.61298	15.685984	8.471544	7.57076	19.735282	15.542162	20.104695	33.983053	30.160484	25.847468	31.118116	27.142076	28.535067	18.179795	21.046996	24.374627	29.842397	25.589895	31.127379	60.757206	50.10144	59.280194
Niben261Chr15g0263008.1	Chr1:20617326-20617853 FORWARD LENGTH=175	11.672951	10.508692	11.670832	10.460509	8.821447	9.170668	5.865689	6.049446	12.816097	17.031382	15.532161	18.173097	16.140708	9.912654	8.294354	15.954319	9.865458	11.434836	6.601491	12.037107	8.245011	25.00639	23.305628	16.849491	9.859784	8.6885	10.425822	4.874648	10.643985	6.770785	6.778089	8.327273	7.444463	18.24355	14.92929	14.592021	19.671663	12.486726	6.676272	11.833619	11.034139	15.123051	16.208059	19.295533	20.950746	29.909532	34.316325	31.626738
Niben261Chr15g1268002.1	Eukaryotic translation initiation factor 6	29.588994	43.591669	32.783843	103.437339	59.849749	78.441372	102.199158	82.298777	59.608146	89.188332	97.453288	86.645616	86.165224	99.05767	89.400328	78.972902	63.31811	68.474739	57.615334	54.002114	48.479361	60.107625	71.975397	72.267876	22.169162	23.793671	18.427847	26.91626	28.15853	27.732424	35.359887	37.836987	34.343743	98.187586	139.879994	118.820666	116.183493	105.581829	106.181512	76.690743	70.857571	94.599956	133.093574	116.11313	92.328741	178.314157	150.511367	179.644824
Niben261Chr16g0045013.1	Aaa-atpase	2.353551	3.220451	2.996632	5.034949	5.779305	5.165049	6.485229	7.231266	3.044406	8.314357	9.756114	8.568125	9.593736	9.61735	11.637348	12.027559	10.435662	9.292835	6.912173	7.161785	9.46375	10.564321	8.074351	6.514647	1.141042	1.284816	1.631039	4.877811	3.117429	1.923214	2.337584	3.730736	2.242791	6.20353	9.28909	10.824749	14.551965	8.030506	12.022205	11.575518	12.355408	11.75839	14.914142	13.023504	15.641212	33.045656	24.056595	33.379273
Niben261Chr16g0250004.1	NAC domain protein	1.448596	1.159895	0.922855	7.621445	4.596314	5.937727	9.241728	8.691223	4.118355	8.553929	9.851222	7.536233	7.026945	7.607077	6.455434	6.0092	3.225801	4.534766	8.366455	8.180723	8.547934	11.428432	12.864183	10.466248	1.383623	1.081688	0.804667	4.43977	2.389495	1.342692	3.71641	2.736977	4.427197	8.046558	10.567561	10.531662	10.815451	4.989412	6.466685	5.282036	4.329126	6.350993	22.507382	13.677589	13.737247	35.232931	35.247881	34.595426
Niben261Chr16g0369003.1	Glycerophosphodiester phosphodiesterase	6.734452	5.025095	7.997131	7.944279	6.154333	5.744718	6.715173	9.142828	7.361665	7.36121	9.091882	8.057734	3.125808	5.124702	5.660603	3.37668	2.886255	4.626823	4.765902	5.183921	3.464319	6.493147	4.491662	4.972726	7.793074	6.206919	7.639594	8.410141	4.856976	3.222683	7.840539	8.163309	8.885567	6.354926	11.732909	8.426663	5.711185	3.897117	5.41719	4.315623	4.551051	9.126524	9.791022	9.412622	7.528837	22.024725	13.884495	23.055588
Niben261Chr16g0449004.1	Aldose 1-epimerase	0.581555	1.086843	1.094227	1.80733	1.549741	1.40456	1.590103	1.454636	1.611941	3.011184	7.431622	8.769026	9.920126	6.505673	4.548368	3.823625	3.180732	3.959266	7.056972	4.085094	5.962791	12.546803	10.082731	10.643555	0.721867	0.390268	0.418916	3.942394	0.976635	0.747357	1.634775	1.9849	0.956009	5.402305	6.810692	5.618058	6.224963	6.046622	3.565888	3.89802	3.309221	6.103176	9.586699	5.321575	6.429659	27.059493	14.543537	24.016851
Niben261Chr16g0465003.1	Chr5:15826285-15827517 REVERSE LENGTH=239	4.702239	4.845634	2.806004	6.572748	5.809992	3.372628	4.466042	4.847218	4.954714	4.007493	3.177297	4.042472	6.745206	3.472601	3.836443	3.564208	5.075116	4.10616	4.000993	4.244336	4.27838	3.202523	2.708535	4.179785	5.342724	3.705102	4.549379	10.681331	5.437596	3.885059	5.068125	5.368288	3.457029	5.499294	5.835833	5.370161	9.947359	5.122875	6.137709	6.001874	6.999046	9.53258	9.552437	12.062427	11.646508	11.08999	11.786443	15.415055
Niben261Chr16g0764025.1	WRKY transcription factor 6	48.088712	58.700138	33.620562	200.188633	128.690194	122.235279	201.15956	136.415493	104.702578	213.238147	217.247134	180.372533	126.087729	162.208761	152.899891	87.567626	74.574972	63.332825	184.655321	162.609273	158.33766	205.876136	175.404582	160.548898	22.517696	25.187366	16.069627	174.600789	63.301557	45.126679	81.428139	74.634612	85.656923	188.155396	205.599374	221.240332	180.822974	81.490798	125.748669	135.299536	144.677592	163.944443	290.584397	239.444742	236.869184	271.55378	280.139548	279.645258
Niben261Chr17g0843007.1	endo-1,31,4-beta-D-glucanase-like	6.715059	6.855004	4.53114	7.589542	6.836799	6.754884	7.522483	4.387673	6.667399	4.932907	8.669938	7.536424	7.715286	7.434267	8.030676	6.095222	4.494576	5.393968	9.614301	10.324575	7.186389	7.943059	8.283609	7.566429	3.727905	2.977652	4.620342	2.737814	7.646802	5.250631	4.354562	3.270093	3.466205	7.158386	11.403122	8.066738	6.129543	6.606451	8.159809	7.284712	9.307587	10.083456	8.834644	8.099413	10.533166	15.424747	10.174749	16.148184
Niben261Chr17g1088002.1	Glucan endo-1,3-beta-glucosidase	1.464695	0.444463	0.856558	9.249761	4.390696	4.040289	18.258485	8.664662	6.907923	29.160624	41.043892	39.707373	64.666591	28.458544	67.552255	48.981564	38.047885	37.491371	32.078342	36.984413	46.544129	34.323798	48.974097	26.415476	0.283145	0.147268	0.327533	4.912695	2.383268	1.107015	4.494191	2.402443	4.461702	40.733399	75.116426	50.870428	127.000997	35.811728	93.467962	68.367964	72.264734	68.404281	48.568161	57.675029	110.377484	270.54681	187.214847	257.473531
Niben261Chr17g1223001.1	protein ELC-like	0.600682	1.049919	0.421537	4.643723	2.928279	4.074872	5.077532	4.94748	2.5646	4.433572	3.314686	2.96527	1.266638	2.71707	1.550904	0.906342	0.570184	0.963836	1.073314	1.685995	1.424483	1.002301	0.847696	0.513919	0.247722	0.289899	0.107459	1.67148	1.011891	0.378987	0.670218	0.5393	0.445511	3.442254	3.15251	2.188834	3.647846	2.805806	1.944077	1.104953	1.185451	2.627203	8.444985	9.403273	4.800777	11.569532	13.084907	13.784244
Niben261Chr17g1414007.1	Proton pump-interactor like	0.287314	0.836983	1.344178	10.423838	5.308857	9.862741	13.371223	14.185598	5.990772	6.138684	3.765463	3.403987	3.155466	4.135124	1.794721	1.834104	0.38961	0.768359	0.926937	0.610935	0.953889	1.128032	0.829359	1.005603	0	0	0.385492	3.140858	1.100002	0.906372	1.923445	4.365377	1.674307	10.492246	11.728012	7.104291	8.87448	4.793051	4.981488	1.981926	0.369794	4.046761	21.670957	9.748731	7.087269	21.363275	21.971978	23.362812
Niben261Chr17g1495014.1	Cleavage and polyadenylation specificity factor subunit 1	0	0	0	4.485543	4.105933	1.13814	4.298391	0.633673	2.765292	1.014288	0.480267	1.603987	1.223492	0.572622	1.449751	0.808126	0.236041	0.532002	1.727923	2.664924	1.651153	0.683407	2.009833	2.978478	0	0.560047	0	1.037921	1.243993	0.366077	0.258955	0	0	1.564705	0.870036	1.359177	0.364509	1.161528	0.268265	3.201944	0.298714	1.806506	5.358824	9.664634	3.434998	18.712357	35.093928	22.229771
Niben261Chr17g1495017.1	2Fe-2S ferredoxin	1.033619	0.430152	0	1.902537	1.625424	1.327537	4.207285	1.814209	1.172895	2.437851	2.037044	3.207265	1.16762	3.521714	1.598765	4.113184	0.700815	0	2.198688	1.63269	1.260602	4.058123	2.367967	3.560258	0.304476	0.118772	0.264156	1.760931	0.527638	0.543449	0.439342	0.509888	0	2.820588	2.460163	3.074629	0.618424	1.108486	0.568921	9.914132	1.900488	2.298682	6.061168	7.970747	5.245018	29.498516	42.602013	38.893498
Niben261Chr18g0359004.1	defensin-like protein 1	0	0	2.736373	11.06291	10.995992	20.941005	30.964856	14.830191	9.250039	18.176014	22.393545	12.00145	14.384009	24.866556	25.043673	21.635405	17.433338	19.621161	15.063081	7.956888	13.288895	16.033615	17.962673	7.201549	0	0	0	6.974373	9.512096	6.149688	12.160529	4.827259	0	23.644357	25.085358	5.485292	26.782412	21.424358	35.934218	17.140978	11.943782	17.269475	38.286688	23.303708	18.116562	83.202427	64.718391	76.544171
Niben261Chr18g1229009.1	Glycosyltransferase	23.910889	27.804371	12.141964	73.111042	47.637131	40.615671	80.332989	66.968557	29.190669	158.253691	178.02037	159.341948	160.067326	153.854235	176.043432	76.491865	66.83873	63.48935	129.385977	109.0326	125.47377	93.543175	90.936344	88.983082	11.536538	13.072933	7.611268	51.922606	30.384525	31.518726	206.120323	71.930484	180.541633	136.200914	250.01511	213.061356	212.892515	105.293627	208.711145	93.250844	106.635608	107.991658	220.09487	142.819183	165.862583	495.18585	289.772569	483.199778
Niben261Chr18g1455014.1	COBW domain-containing protein 1-like	39.219062	34.606779	36.027618	31.750991	38.833312	33.812792	34.009874	32.31237	43.948362	38.337633	36.524126	39.571545	33.424975	32.223196	32.172178	34.430279	42.144852	41.974551	36.392466	37.781821	36.378856	52.133765	51.122293	45.838752	43.131021	41.964379	42.315238	41.73818	51.736901	41.657292	38.07598	41.296166	42.942341	41.811544	31.934877	36.691213	35.147885	43.542576	35.536893	39.480681	46.686038	40.313128	46.989911	45.63178	47.892205	68.594639	66.313811	65.815932
Niben261Chr19g0071003.1	Cytochrome P450	6.312996	9.744526	4.353408	14.364744	8.893527	10.587884	18.264937	19.261774	9.891421	22.794086	24.464574	22.169178	26.412905	27.308111	21.315659	31.552286	24.17196	15.391032	11.482561	10.610338	8.583538	8.815346	12.426724	12.062452	1.354417	1.702424	1.468823	5.222165	2.738307	1.783808	4.42443	4.409788	4.175694	23.658838	51.80663	50.576556	67.281239	44.497354	24.85772	23.623958	41.701848	57.937143	70.888186	59.798025	42.485597	173.772392	149.948581	180.789515
Niben261Chr19g1034001.1	intracellular ribonuclease LX-like	10.976165	19.908955	12.335083	51.047374	33.655912	40.890068	66.348113	50.867382	24.104776	48.226639	66.786683	63.267599	63.37123	68.251915	68.337453	62.743577	38.046901	46.893791	57.560796	49.886986	66.607346	35.837784	43.607647	37.39452	6.61143	3.565623	7.021687	15.402835	13.613201	11.175738	25.453099	21.716356	21.396269	51.677175	102.201568	107.998957	97.672495	52.032048	90.760004	67.744002	61.44645	65.635176	116.743467	75.886438	105.46244	214.595521	129.428708	207.098766
Niben261Chr19g1427023.1	Homologous-pairing protein 2 homolog	6.420365	7.459077	6.570637	8.163529	8.563898	7.964931	8.275675	7.564856	7.85466	14.140705	14.867482	15.394313	11.785667	14.803518	9.45335	9.980157	10.260969	8.847739	9.446256	12.286836	10.54912	9.565227	11.031537	9.987274	4.373547	6.547572	4.922441	9.456893	6.730462	4.701804	4.51989	6.096837	5.587853	7.60067	9.932908	13.876018	12.364395	9.467428	11.220056	12.021146	9.739085	11.048723	14.118441	11.139885	13.574846	28.552839	32.945162	31.228054
Niben261Scf01159g0000001.1	Unknown protein	0	0	0	9.55694	0	0	0	3.206512	0	0	9.720974	0	6.19111	5.795161	11.737638	0	4.777653	5.384075	10.492357	5.993351	0	0	13.560204	0	0	5.6679	0	0	3.597056	7.409692	5.241459	0	7.465989	7.917719	11.74014	0	0	5.877559	0	6.480988	6.046209	0	14.462245	0	0	12.625096	32.658796	7.030439
Niben261Scf01523g0000001.1	nodulin-related protein 1-like	10.324742	5.341966	8.734742	5.304763	5.5445	1.540898	2.704291	5.231322	7.642494	3.901777	4.100512	6.946317	3.125837	2.964382	5.299745	2.517596	2.160777	4.042125	3.242015	1.345381	2.083013	6.02239	6.733049	4.634018	11.182935	9.337511	6.029748	14.570094	3.634284	3.557869	5.456007	2.976934	8.46654	5.10232	3.277766	5.100684	12.133146	8.887335	6.686	3.173885	5.156327	7.016085	12.962627	3.894602	3.671109	14.265354	16.18973	17.046047
Niben261Scf01724g0000001.1	1-aminocyclopropane-1-carboxylate oxidase-like protein	0.117185	0.085344	0.239855	3.874023	2.257423	2.562039	4.924952	4.119363	4.566851	2.333029	1.939946	1.754731	1.312736	2.047968	1.366399	0.646054	0.337678	0.559616	0.886993	0.822285	0.944849	1.926594	1.954416	2.643175	0.060409	0.070694	0.026205	0.960778	0.837479	0.600722	3.116212	2.043498	2.731547	3.127248	6.1257	3.126329	2.361921	2.516941	1.941461	1.508926	1.156325	1.998	11.544514	8.607441	6.532825	34.616904	29.023181	35.659975
Niben261Scf03606g0000004.1	zinc finger protein ZAT8-like	1.040599	0.673645	0.202849	4.234009	1.909135	3.260255	4.447482	2.76224	0.688809	5.558299	4.306681	2.283078	1.828564	3.137969	1.444479	0.201297	0.235183	0.662585	1.635558	1.180104	1.809664	0.851152	1.668771	1.75361	0	0	0	0.517074	0.354134	0.091187	0.258014	0.479109	0.918793	3.312908	7.946327	3.611291	3.450245	1.880619	4.944856	2.711756	1.190512	2.185638	6.763161	5.617203	4.278133	15.070819	12.660217	14.881317
