GFP22h1	GFP22h2	GFP22h3	GFP25h1	GFP25h2	GFP25h3	GFP28h1	GFP28h2	GFP28h3	GFP34h1	GFP34h2	GFP34h3	GFP37h1	GFP37h2	GFP37h3	GFP40h1	GFP40h2	GFP40h3	GFP46h1	GFP46h2	GFP46h3	GFP56h1	GFP56h2	GFP56h3	pcrtB22h1	pcrtB22h2	pcrtB22h3	pcrtB25h1	pcrtB25h2	pcrtB25h3	pcrtB28h1	pcrtB28h2	pcrtB28h3	pcrtB34h1	pcrtB34h2	pcrtB34h3	pcrtB37h1	pcrtB37h2	pcrtB37h3	pcrtB40h1	pcrtB40h2	pcrtB40h3	pcrtB46h1	pcrtB46h2	pcrtB46h3	pcrtB56h1	pcrtB56h2	pcrtB56h3
Niben261Chr01g0193012.1	9.48304	31.201252	13.158539	12.01663	12.863981	6.401348	5.054386	6.257118	17.150194	7.907872	9.799265	8.235092	1.236528	1.763782	2.89791	4.383742	6.526418	4.751264	3.528347	9.509268	7.182488	2.180724	2.422971	2.24674	5.726359	32.978094	9.339994	40.834085	10.179424	7.331069	15.420901	7.754905	40.988771	4.738008	2.463803	5.693333	3.022408	2.964852	2.963699	4.495149	8.387648	4.216375	4.482195	20.836273	7.521295	21.225128	5.832972	17.284584
Niben261Chr01g1806004.1	0.084865	0.288427	0.794065	0.583574	0.200183	0.104043	0.201411	0.328253	0.505576	0.164837	0.183636	0.139646	0	0.034897	0.070682	0	0	0.129772	0.084244	0	0.161002	0.041649	0	0	0.656221	0.34131	0.87296	0.71688	0.021661	0.06693	0.568135	0.17583	1.303798	0.047679	0	0.165665	0.177714	0.035394	0	0	0	0	0.174178	0	0.167471	0.380129	0.049166	0.719711
Niben261Chr02g0529004.1	5.408902	23.057119	7.722028	21.46164	19.795245	7.808871	4.944682	4.414945	28.924644	12.962152	19.079726	15.642396	2.445519	3.571945	4.757831	4.608179	2.686518	4.696307	2.104464	8.689114	11.814712	8.210926	4.3082	1.174775	8.228437	24.824527	10.864538	26.324032	22.056398	8.002405	5.405142	7.800913	23.158867	4.398306	3.192849	8.670566	2.220105	1.098081	0	1.381359	2.393537	3.488868	2.312997	53.623531	15.034684	17.732317	7.157264	19.275662
Niben261Chr02g0830006.1	25.804318	24.284088	25.431014	24.49029	14.378271	10.02581	12.980001	11.818556	22.128895	16.789109	15.833037	16.975478	11.865902	10.252558	15.851379	9.53678	7.236552	14.253401	16.547252	19.401879	21.529162	12.373635	13.20819	11.378608	20.50267	28.394573	21.945832	29.046738	12.394716	10.273471	20.558645	14.844146	42.697261	19.549532	16.324437	21.200952	15.948765	19.948762	15.229414	9.034286	11.062039	14.774132	27.619704	32.207203	35.36522	41.189817	25.824998	37.93153
Niben261Chr02g1456007.1	17.758342	29.230218	25.130689	31.945434	25.755919	20.286034	12.469117	15.450681	21.620677	17.292325	20.075481	20.368236	14.518656	13.929803	12.717651	10.548449	12.674422	20.263271	20.160531	18.659278	21.677377	9.682281	8.693072	9.707736	13.683023	24.344618	23.894966	36.825431	20.288461	20.774902	19.311741	21.558023	24.671094	14.016549	14.359238	14.939564	11.694369	10.077374	12.275171	9.121125	15.257735	15.346746	16.311088	22.908656	26.570818	21.732047	10.97837	20.619711
Niben261Chr03g0010005.1	148.78746	110.353645	120.107731	81.399442	78.052028	42.89809	54.618203	61.371563	152.489658	74.465254	61.074278	67.290723	63.959643	40.350672	51.697134	34.962066	36.051007	46.55531	39.076688	47.941709	61.043673	55.77284	52.258873	58.57198	125.6378	162.447212	129.616436	227.693769	72.807158	79.548228	83.0057	77.855239	135.159314	57.950253	56.270637	51.377746	101.548056	43.208553	48.3583	40.298537	28.587941	48.72011	92.501685	56.488785	63.496506	99.35456	96.51168	103.823139
Niben261Chr03g1054003.1	5.736044	3.816445	8.5725	5.042358	2.505625	0.260454	1.91686	2.41685	7.277368	1.960054	3.956583	2.237315	0	0.17472	1.150114	0.616443	0.360107	1.217444	0.579951	0.180695	1.30989	0.521307	0.40883	0.082618	3.395007	6.151789	4.655672	13.195547	0.921813	1.675476	4.661772	1.247124	9.791593	0.71614	0	0.276477	0.5561	0.797419	0.572976	0.195397	0.273433	0.078744	0.218013	0.982966	1.781762	9.801413	0.492319	8.584486
Niben261Chr04g1368003.1	9.446346	10.519868	9.425999	13.214989	13.088943	5.93898	4.705516	8.206377	13.249082	9.623095	8.475175	8.04374	7.022792	6.627981	6.987316	3.910231	4.747625	5.804501	4.295157	6.798467	12.156327	1.945153	1.864462	2.209294	6.87875	10.361263	4.786086	36.632008	6.879127	5.140292	7.173994	5.839558	18.267696	4.898915	5.007727	5.158094	5.187439	3.967212	5.243058	3.341641	2.607336	4.554155	10.710722	15.638845	11.145663	9.40931	7.041804	10.018022
Niben261Chr04g1651012.1	18.480582	12.9716	20.012504	16.459802	13.165559	5.891504	7.935735	9.495828	24.749471	7.681367	10.541993	7.902701	4.101362	3.350246	4.103768	3.629936	3.041274	4.60227	3.810169	4.284041	5.16586	3.441781	3.855233	4.6486	14.28817	21.077661	15.513119	33.971825	7.901704	8.291079	14.65969	8.446952	25.145148	7.167713	5.908135	5.620825	3.721144	6.629838	4.326978	2.745751	2.798877	3.310782	5.753275	6.656467	6.093979	14.002203	6.512301	13.246903
Niben261Chr05g0208022.1	0.470812	1.640737	1.486784	1.149379	1.810115	1.000422	0.31302	0.44989	1.682925	0.274348	0.259809	0.185937	0.165467	0.038721	0.078427	0.163939	0.095931	0.107986	0.257056	0.881	0.312627	0.138638	0.120806	0.366195	0.388334	2.309997	0.926501	8.23165	2.259339	1.906572	0.84049	0.612884	0.897932	0.211614	0.156887	0.367635	0.640786	0.078544	0.145123	0.086607	0.121196	0.174583	0.869685	2.393942	0.789691	1.26533	0.872858	1.409218
Niben261Chr05g0628008.1	5.900306	26.737448	0	35.867247	51.302852	41.55853	10.554638	13.424237	25.108532	11.460412	18.367451	16.828876	24.191773	16.175097	27.678609	23.878924	36.944657	22.545723	32.437089	37.793369	57.487784	43.975648	20.848608	31.700796	11.81133	25.901471	20.638078	142.123975	50.764064	55.222488	41.694852	31.606732	51.845279	11.049725	16.38418	2.559549	18.5336	1.640508	12.124474	29.940277	29.049531	28.556816	70.265582	37.027444	46.285414	89.508348	31.90433	94.062791
Niben261Chr06g0863004.1	29.687539	29.398783	37.55724	32.150682	22.589701	5.844947	13.386196	22.198943	30.539982	15.948691	27.405953	11.173088	4.37664	3.241491	8.428234	5.485461	2.745182	6.534751	2.958315	2.915931	7.59229	1.598493	0.895438	0.624915	25.869095	41.580399	28.594126	60.7547	13.62194	13.437761	24.171743	12.450476	39.808896	11.965861	2.688759	11.203507	7.719758	10.011195	11.750557	1.497861	2.287439	3.499767	7.220367	14.560749	19.911014	45.16636	7.407279	44.716498
Niben261Chr06g0863005.1	4.745304	5.618421	7.74974	3.505641	3.569435	1.000551	1.197689	2.733397	4.803488	1.675185	3.245595	1.154142	0.529264	0.29829	1.841657	0.455247	0.173089	1.109217	0.563698	1.338558	0.68361	0.114191	0	0.098901	3.754547	4.736196	2.517303	7.799578	2.054968	2.036144	2.479177	1.52841	4.685345	1.235865	0.31534	2.724186	1.049798	1.729442	1.874689	0.107016	0.108102	0.208293	0.658412	1.40685	2.470927	6.522344	0.140818	4.37792
Niben261Chr06g1487005.1	7.182774	30.605914	17.781772	23.980502	39.170718	26.329465	8.886338	6.113951	20.059343	2.18042	4.529083	5.284305	0.718798	1.442875	3.328566	4.376955	4.791864	9.31649	8.978342	5.424428	8.841983	2.929366	2.12736	1.790412	5.809607	24.2114	13.573787	36.433805	18.990417	23.900968	11.705383	11.847683	19.448672	2.73738	1.209934	1.640916	0.888657	1.980332	1.452878	2.923824	5.038904	3.638787	15.519708	21.864582	17.166469	10.400183	2.664364	11.868833
Niben261Chr06g1487001.1	16.726022	67.231561	31.012813	49.742876	80.568906	54.988161	19.309734	17.823071	43.940419	9.12425	16.622381	17.03735	4.158985	2.165499	6.671128	6.367259	13.236153	22.163137	17.896675	16.961678	26.478719	6.958924	5.717064	8.042783	11.054129	66.145202	31.163756	154.092413	47.758446	57.773277	44.371997	30.658493	57.824299	8.252598	5.048598	7.840986	4.571281	4.714858	4.633198	6.944772	19.879773	11.856371	44.190646	70.586374	55.004651	51.405588	10.528505	45.75275
Niben261Chr07g1142008.1	18.981949	18.432294	19.216344	13.629544	10.535358	5.73638	6.968989	9.436222	29.300306	10.534124	13.643425	14.803738	3.924176	3.410835	4.782722	4.443339	3.136423	3.900166	2.691861	4.612863	6.203696	9.863682	7.264827	4.838555	20.063837	25.91764	15.124022	23.778464	16.611136	10.986602	9.848095	8.702882	18.252948	6.990152	7.441376	6.850432	5.845556	5.455101	5.285449	2.347379	4.790415	5.439371	4.583378	18.943186	7.712087	31.723391	19.776339	35.808566
Niben261Chr08g0040004.1	20.064785	18.171365	18.100916	18.183816	12.520195	9.558942	7.006631	11.422968	11.880129	11.797115	15.021573	12.613849	11.225502	8.434961	10.492139	7.309681	11.773449	17.740457	15.766908	17.450341	16.901245	9.53831	6.983742	7.557357	20.086286	25.258738	15.773377	47.753538	8.864611	10.526521	30.256146	14.138319	38.897932	8.389071	8.541697	8.818	13.796555	11.481342	9.149254	12.081469	15.597199	13.607131	19.483425	14.015843	21.485587	24.422656	9.485744	22.353691
Niben261Chr08g0459006.1	2.090877	5.410027	2.340034	4.469301	4.301156	4.010628	2.402807	2.900174	3.191669	3.096833	4.025775	2.646847	0.530243	0.587619	1.0225	0.55075	0.729242	1.289411	1.285233	1.112407	1.932156	0.597688	0.495472	0.604608	1.335513	4.024965	3.524723	8.976945	2.811164	4.734609	3.637565	2.693048	3.99754	1.390498	1.51942	1.167489	0.47664	0.709184	0.371123	0.61434	1.231425	0.825085	2.222347	2.664915	3.264679	3.655008	1.359028	4.071004
Niben261Chr10g0163005.1	2.495624	2.019466	3.081058	2.444538	1.962254	0.339953	0.658407	0.946365	4.680498	0.134649	1.147614	0.27377	0	0	0	0.16092	0.094005	0.741556	0.137631	0.117925	0.526065	0	0.088936	0.107836	2.430053	4.014758	2.23227	16.534327	0.990855	1.020547	2.990783	0.383009	5.141503	0.155788	0	0.360867	0.725839	0.693878	0.106838	0	0.237929	0.102779	0.569115	0.962249	0.410402	5.216614	0.160648	4.288238
Niben261Chr11g1211008.1	89.101961	83.518555	137.103431	92.979724	92.587988	76.619128	71.79618	101.252178	116.528662	41.268887	55.899251	38.853618	40.670487	34.266984	44.856478	32.082698	28.727441	60.671012	46.708763	26.977806	38.917379	54.057175	32.671619	28.962855	79.670839	92.340407	99.346083	288.892078	61.033862	67.21864	90.437158	92.352464	153.750271	40.178874	33.763132	45.252217	74.191054	60.773124	51.849458	33.606137	49.244108	57.674403	145.109627	67.676099	99.124244	119.391128	80.480243	106.895974
Niben261Chr12g0682002.1	32.472846	21.23431	25.873739	18.380653	16.760269	8.298867	9.126164	14.424143	28.134684	11.882876	17.062875	13.213118	6.838465	5.095352	6.745485	4.393107	2.820725	6.738247	3.113711	4.525508	5.4376	4.382667	3.354448	2.248963	25.86997	28.537945	17.918624	31.988507	11.634072	10.835916	13.646617	10.867991	34.531007	7.302918	5.043342	11.555128	10.141218	8.90425	7.533792	2.324962	3.470079	5.568182	7.114405	9.161728	7.056981	21.700036	11.211074	19.672548
Niben261Chr12g0736001.1	14.716562	40.903844	24.277812	34.694517	44.997839	29.176778	14.361996	12.648373	29.170621	8.828269	11.913323	13.450138	7.308941	5.719821	7.507044	9.987952	17.840727	17.082595	14.766614	21.745083	26.954703	6.923808	6.514533	8.653709	11.294303	44.212157	20.171208	103.516847	34.747568	35.426074	27.858429	28.156992	42.97319	7.378364	6.731938	11.538784	9.34019	4.642263	5.867438	9.675133	21.071084	13.291202	27.288106	54.211184	36.943874	32.173268	14.197083	33.855428
Niben261Chr12g1232003.1	4.697817	8.195686	6.305201	7.039928	6.755859	6.783697	4.933657	5.667796	8.29832	4.590427	4.440913	4.270166	3.829333	3.207569	3.095491	3.26748	4.510932	5.411157	4.158718	4.122044	5.047226	3.025208	3.010461	3.077175	4.570919	6.22967	6.464871	10.389773	5.289766	5.00277	5.723048	5.535055	6.015955	4.11018	3.571593	3.220736	2.765265	2.214609	2.928538	4.590577	4.497595	4.775464	6.654982	6.313701	7.550259	5.428043	3.560711	4.706649
Niben261Chr14g0912010.1	1.209999	1.565306	1.886964	2.275892	1.823509	3.543427	1.822616	1.328971	1.913745	2.561678	1.391047	2.516443	1.815289	1.605298	2.183286	1.287363	1.093872	2.23431	2.902764	1.54374	2.815504	1.385596	0.905535	0.941114	0.935636	1.784337	1.652672	6.717771	1.183878	1.643171	2.169184	1.539124	2.564074	1.280663	2.267979	1.443467	2.850569	1.17749	1.554005	2.006803	1.384316	2.242447	2.384618	3.576725	1.989817	2.348605	1.168348	2.414492
Niben261Chr14g1294002.1	6.269983	4.925468	4.531884	7.64387	6.370161	3.972984	2.274958	3.269923	8.254009	5.131369	4.762229	4.497866	4.270926	2.375493	4.400646	3.924841	4.728836	3.660366	2.447678	3.475379	6.749484	1.590409	2.123965	1.698616	5.302242	6.233318	3.591855	21.703849	4.243593	4.630039	4.821082	4.8654	7.091129	3.720509	3.99077	3.667301	2.876768	3.466997	2.225768	3.952533	3.324684	3.081239	4.410014	7.225476	7.785318	5.93249	3.428419	5.482537
Niben261Chr15g0035001.1	32.40091	26.932061	29.557509	60.816852	66.351384	34.741906	23.895209	36.741301	45.694339	25.802794	33.077053	23.458938	9.451308	7.567791	10.470508	4.663192	2.372596	12.477483	19.683697	13.889467	17.211471	23.277371	15.130788	11.793978	37.146879	32.6296	47.646021	213.93555	63.511908	70.453111	33.355974	30.34212	51.632172	19.077289	10.47274	18.72192	20.897863	12.215768	15.879394	3.81449	4.225831	6.052779	34.313951	27.484523	44.882798	49.80894	19.372033	48.489735
Niben261Chr15g0756021.1	1.657691	0.873832	1.329494	1.220495	0.856524	0.425814	0.359868	0.689678	0.752423	0.413975	0.588052	0.592308	0.208067	0.311616	0.315576	0.054972	0.096338	0.217133	0.211572	0.322273	0.179708	0.046488	0.091144	0.147351	0.244155	0.800028	0.974386	1.647412	0.556082	0.37353	0.246612	0.392517	0.752735	0.425749	0.315644	0.739651	0.396725	0.237035	0.437962	0.174247	0.121918	0.280881	0.340226	0.474807	0.093465	0.93345	0.603666	0.992351
Niben261Chr15g0875004.1	0	0	3.408508	0	0	0	0	0	0	0	0	0	0	0	0	0	0	0	0	0	0	0	0	0	0	0	2.606707	11.58466	0	0	2.167729	4.025286	0	0	0	3.792581	0	0	0	0	0	4.320675	5.981201	0	2.875455	2.610703	3.376703	0
Niben261Chr15g1113005.1	6.959527	13.916168	10.155102	12.154868	11.094918	8.939111	4.196605	4.88884	6.355138	5.788999	3.767524	6.170619	3.674871	4.16588	4.559601	5.758891	2.117837	3.346993	4.659126	4.522062	5.620203	2.47563	2.229087	3.423461	5.512472	7.382151	6.783747	13.568369	7.521111	8.274818	3.610338	6.494538	5.429484	9.250272	4.643852	5.610587	4.822269	6.456369	5.340778	3.80931	4.607131	4.800438	10.107111	13.23936	11.789755	6.008611	5.330614	7.275966
Niben261Chr15g1142001.1	0	0	0	0	0	0	0	0	0	0	0	0	0	0	0	0	0	0	0	0	0	12.452119	4.111175	0	0	0	0	42.919673	0	0	0	0	0	0	0	0	0	0	0	0	0	0	9.570383	0	0	3.401099	0	0
Niben261Chr15g1462015.1	5.125162	2.28803	4.62082	4.88715	3.16646	1.127387	2.43304	5.720137	5.420353	1.860286	4.013084	2.4637	1.608336	1.251513	1.865875	1.368107	0.607363	2.076313	2.13232	1.645303	2.182014	1.364646	1.309203	1.194992	4.048572	4.542799	3.059787	9.734657	2.319453	2.780625	9.026389	3.911651	12.749848	1.723362	1.810664	2.684479	1.954387	3.114103	2.665518	0.677352	0.646441	1.217261	2.167728	1.476697	3.073051	6.706886	0.909882	5.261686
Niben261Chr16g0144002.1	0.707453	0.400731	0.551827	0.319833	0.185418	0.096369	0.447945	0.616194	0.936576	0.171765	0.244037	0.349235	0.051798	0.145456	0.098203	0.34213	0.119917	0.495505	0.175569	0	0.447383	0.057878	0.226903	0.137561	0.303911	0.80615	0.79118	1.757843	0.240759	0.619933	1.018373	0.692162	1.513251	0.331219	0.049127	0	0.246911	0.442619	0.318005	0.435624	0.303514	0.349696	0.544494	0.272776	0.581699	1.109095	0.546481	0.941154
Niben261Chr16g0667003.1	242.444535	389.234588	276.002942	243.327428	203.337426	322.331203	122.808736	150.041804	170.111469	153.830652	173.921639	123.406369	99.406732	87.732126	118.462976	90.046492	98.629401	190.187114	144.402117	129.225083	144.119189	34.901854	49.766313	62.856236	99.98451	390.025184	187.945576	253.791415	146.864377	188.656755	177.935736	176.368241	198.652742	83.542436	51.165371	143.034323	74.462526	91.6759	84.693416	80.275722	160.875685	105.438897	96.201744	344.008116	188.185055	237.464006	56.183744	187.063781
Niben261Chr17g1160005.1	0.781253	0.638564	0.721337	1.003541	0.646376	0.268051	0.234302	0.449034	0.816288	0.598955	0.453796	0.46006	0.216748	0.202886	0.478994	0.238606	0.111509	0.94224	0.102711	0.279766	0.624022	0.402901	0.289384	0.095937	0.932588	0.937066	0.882473	2.043035	0.272851	0.562074	1.054589	0.719982	1.176209	0.50786	0.034251	0.374555	0.257238	0.514446	0.285158	0.113448	0.214138	0.243847	0.506317	0.475206	0.811043	2.39405	0.523328	2.543283
Niben261Chr18g0803025.1	20.304898	11.921868	29.271699	24.656988	12.995009	3.859435	9.418241	16.545658	22.973915	5.04453	11.725807	6.837754	3.319089	2.330114	15.338249	3.288426	0.320166	24.534685	8.671895	2.409802	12.093971	6.952296	3.331947	1.10182	15.092263	23.169275	24.075473	68.045444	5.544157	10.179219	28.802257	16.632008	40.025593	3.714142	0	4.301705	4.449783	9.45298	5.458122	0	2.02588	2.100297	13.08368	5.462131	25.625776	41.033342	3.829999	41.459647
Niben261Chr19g0054002.1	25.015928	16.496859	25.939616	13.486284	15.082541	6.04138	7.835388	12.374331	24.922155	9.540911	14.269868	10.150659	5.498388	3.167221	4.583448	3.065833	1.884627	5.22162	2.195293	3.173094	3.997308	3.711976	2.546041	2.447094	19.690191	26.108187	16.852986	28.789473	9.524658	7.861888	10.429857	9.057239	31.214994	5.710599	5.597451	9.461723	9.118337	7.55893	5.064092	2.267695	2.446816	5.055322	6.235817	7.835247	5.153649	16.04357	10.101613	16.823085
Niben261Chr19g0968001.1	7.013844	8.346787	7.400547	7.650626	6.758603	4.122554	3.713451	4.699215	7.112235	8.144984	6.958455	6.777442	6.109994	4.148284	5.220191	3.360194	3.82466	5.06268	5.510755	6.168681	6.794732	5.038733	3.6376	4.758821	6.954358	7.898314	5.793161	10.826294	5.362981	4.78615	6.12742	5.750884	8.348484	4.661559	5.544527	5.127107	4.875024	3.808946	4.208806	3.184312	3.790192	3.717017	5.972507	6.858719	6.743816	8.368842	5.325707	7.712561
Niben261Chr19g1463017.1	3.980891	7.656897	5.014235	4.04938	4.21358	2.815664	1.963174	1.741839	1.976318	2.08176	2.323473	2.317892	1.883353	1.196256	2.104116	0.621984	0.259531	0.760431	1.13993	1.432509	2.251187	0.375709	0.196431	0.416804	3.236094	3.263646	1.985832	4.260531	1.641351	2.093045	2.277809	3.119401	3.082308	2.32257	1.849466	1.992587	0.160314	2.234962	1.297834	1.337827	0.722572	1.475528	2.513974	5.549365	3.248085	2.400368	2.572428	2.520586
Niben261Scf08889g0000003.1	8.883249	45.580958	11.333998	37.165551	38.136995	28.797241	15.751843	15.572602	26.847548	7.001342	16.561281	14.906736	2.421452	5.588407	2.691311	3.694075	6.473869	10.815643	6.315388	12.210571	12.081139	4.761931	4.357444	2.220443	3.59846	27.403359	13.784408	38.677586	15.149074	22.777593	18.690959	14.365365	24.786364	5.200958	6.544089	7.762185	2.963309	2.919897	2.903995	2.458151	7.288391	5.730298	12.135815	33.917618	21.040441	24.094688	5.273084	22.442198
