GeneID	Description	GFP22h1	GFP22h2	GFP22h3	GFP25h1	GFP25h2	GFP25h3	GFP28h1	GFP28h2	GFP28h3	GFP34h1	GFP34h2	GFP34h3	GFP37h1	GFP37h2	GFP37h3	GFP40h1	GFP40h2	GFP40h3	GFP46h1	GFP46h2	GFP46h3	GFP56h1	GFP56h2	GFP56h3	pcrtB22h1	pcrtB22h2	pcrtB22h3	pcrtB25h1	pcrtB25h2	pcrtB25h3	pcrtB28h1	pcrtB28h2	pcrtB28h3	pcrtB34h1	pcrtB34h2	pcrtB34h3	pcrtB37h1	pcrtB37h2	pcrtB37h3	pcrtB40h1	pcrtB40h2	pcrtB40h3	pcrtB46h1	pcrtB46h2	pcrtB46h3	pcrtB56h1	pcrtB56h2	pcrtB56h3
Niben261Chr01g0004003.1	Pentatricopeptide repeat-containing protein, chloroplastic	7.465261	5.262916	5.561204	3.662782	4.525943	4.14614	3.783596	3.310091	5.926612	4.319772	3.00468	5.228517	4.225637	4.074683	3.191571	8.288086	10.343893	11.023719	5.044883	5.511967	5.459978	7.395864	7.861251	9.288878	7.645253	7.745971	7.804316	4.737379	5.365469	5.099212	2.598388	4.723238	3.754483	8.515627	3.169475	4.212589	3.318946	9.181689	3.380919	10.606567	11.905214	10.340916	3.489563	5.241887	5.134622	4.6559	6.815206	5.561393
Niben261Chr01g0034003.1	RNA polymerase sigma factor	7.652351	5.834909	6.804597	3.516765	5.062608	4.420392	3.22549	3.515265	5.797489	2.556745	2.301888	3.194641	2.980824	2.996286	2.778131	5.970954	6.52931	6.736558	2.496706	3.888015	3.267335	7.307115	6.960631	8.755318	8.915144	8.530773	8.002995	5.422103	7.557178	6.436186	3.243858	5.210771	4.312676	4.736156	2.5046	3.118984	2.887294	6.019443	2.465526	7.684255	7.674704	6.980686	4.322608	4.680703	5.479294	6.069571	7.690665	5.388642
Niben261Chr01g0045014.1	glutamate formimidoyltransferase-like	4.868037	3.385646	4.539509	3.122784	3.362099	3.271501	2.499224	2.15563	3.200501	2.172209	1.633569	2.901062	2.02298	2.651042	3.068236	5.11778	6.645934	5.880974	3.10192	4.252442	3.806467	4.842734	5.823402	6.600456	6.768828	5.013244	4.927612	2.615084	5.104369	4.531026	3.425353	3.589067	3.972989	4.065475	2.027648	2.482763	2.548547	5.872222	1.774249	5.869634	5.475272	6.096125	2.295302	3.754493	2.920932	3.241324	3.73496	2.559777
Niben261Chr01g0142004.1	Atp-dependent zinc metalloprotease ftsh 2, chloroplastic	5.807933	4.501504	4.202279	4.432204	7.558645	4.41263	4.084597	5.24621	5.884682	4.512288	3.755577	4.065241	4.39182	4.302573	4.71075	5.971064	6.639705	5.32328	4.92125	6.344232	5.958023	8.013134	6.925233	7.78188	5.808105	5.347896	7.431872	6.500166	8.624752	6.146886	5.229156	6.541208	5.722567	6.341083	4.276184	4.879191	5.67617	5.777301	6.015666	8.149988	7.372387	7.182241	6.178345	5.780799	6.116366	8.063757	8.818261	6.991144
Niben261Chr01g0632005.1	Protein NEOXANTHIN-DEFICIENT 1	6.992653	6.423832	7.391101	3.601462	5.232872	3.788206	2.801403	2.874791	4.767437	2.37123	2.324042	3.272104	4.069631	2.90996	4.913536	7.087579	9.365717	8.701149	4.081411	6.734303	4.796192	8.927698	7.888244	9.182259	9.295947	9.155993	10.749485	5.610345	6.956144	7.183888	3.195722	4.130929	5.371987	6.057904	2.736205	4.166004	5.858811	7.144165	3.116436	11.325066	12.362488	11.10402	5.015537	5.976621	5.771055	5.887906	7.724353	5.29471
Niben261Chr01g1063004.1	Fe2OG dioxygenase domain-containing protein	8.468531	7.617345	4.403954	2.766188	4.934324	3.84684	4.172224	4.140764	6.854108	3.047313	4.328718	5.369771	6.065139	10.064214	7.056089	19.680941	18.93459	18.940403	5.139459	7.472696	7.441051	12.627294	15.095788	14.398945	6.146606	8.0923	3.929317	3.741979	4.805273	5.114243	2.800806	4.767451	3.657039	7.404042	3.659492	6.533586	3.942454	12.039392	6.528371	23.664942	25.094679	18.84098	6.121452	5.081351	5.276113	8.995063	8.725714	7.82658
Niben261Chr01g1184002.1	Mitogen-activated protein kinase	3.211691	3.964419	3.645944	3.890433	7.186174	4.916555	3.573567	4.328181	6.366621	3.721082	2.559165	3.804428	5.292502	4.14336	5.041828	7.726933	8.27526	7.878143	4.945935	5.306617	5.365097	12.018858	14.050981	10.203884	4.274534	5.014545	5.15416	8.450854	10.223945	7.628898	6.273487	6.878486	6.911839	6.81006	4.511195	5.354819	7.626717	7.669783	4.15993	10.052932	10.984206	8.964867	7.079514	6.402894	6.282139	6.077377	7.108029	7.981122
Niben261Chr01g1287008.1	thioredoxin-like 4, chloroplastic	35.413432	29.219671	31.479283	20.958876	26.03273	24.126865	17.645014	20.120189	32.969258	32.270007	21.919955	39.25693	38.405489	30.580883	34.078616	55.363147	60.180342	54.09384	28.062861	34.40304	36.375268	66.377216	64.565023	76.205555	52.210202	46.037699	42.951659	32.592744	36.047846	30.887949	22.068997	29.911323	23.724731	59.757697	28.865622	32.574963	47.606916	59.637174	32.973724	75.908677	69.893591	78.670131	26.254014	32.21884	40.355171	45.450196	54.960783	45.305028
Niben261Chr01g1343002.1	purine-uracil permease NCS1-like	8.403008	6.762308	4.087574	5.541548	5.718073	3.276446	3.978257	3.496385	7.067624	6.139285	5.175804	7.864995	8.398981	6.509256	7.234068	10.140757	11.394822	13.390927	6.861977	9.24539	10.969135	13.569817	15.280581	16.029451	10.041223	9.508131	8.596591	6.639863	8.893896	6.890575	8.314892	6.40673	7.514699	10.250465	5.672889	6.655035	8.233271	9.302548	5.44552	13.448339	12.656401	13.639458	4.641235	8.679598	6.516316	10.037056	10.689313	9.973492
Niben261Chr02g0110032.1	replication protein A 70 kDa DNA-binding subunit A-like	2.716755	1.172483	5.648949	1.432923	1.898778	0.246717	1.146796	1.648353	4.495788	3.81107	2.082168	5.165825	1.591314	3.227341	5.782486	7.707882	3.68403	6.458106	3.146351	2.824219	4.008748	7.110888	5.809012	6.808684	4.045867	2.428053	2.970081	2.699909	4.314607	3.650346	0.449074	4.586409	5.437162	7.122876	2.51466	5.892633	3.476679	4.02859	3.954362	8.606745	5.957267	7.608235	1.239087	2.095024	4.467671	2.974633	7.345063	3.312922
Niben261Chr02g0177003.1	GTP cyclohydrolase II	12.501869	11.374643	12.411736	7.61364	9.255227	8.453068	7.585778	7.266794	8.236231	12.270236	9.286955	13.051138	11.72394	12.283201	11.686228	20.947547	24.231086	24.568531	12.204785	18.412552	13.387509	18.047054	18.830095	16.766102	12.20702	11.239056	14.059622	7.671648	11.116736	8.282081	7.179059	8.913871	6.428152	17.036724	11.131196	12.957448	15.016129	22.63792	10.536685	23.410201	26.637809	25.638544	14.193761	14.270118	17.866755	17.24751	19.041776	17.042235
Niben261Chr02g0680001.1	Myb-like domain-containing protein	8.027262	3.737866	3.623723	1.623523	2.842093	1.688167	0.936286	1.303053	3.216081	1.68682	0.971405	1.792081	2.062234	1.351241	1.563904	3.378061	5.251677	4.627008	1.328086	3.194178	3.473272	7.74079	5.239546	4.92904	10.647664	7.363023	7.893994	3.638854	5.583449	2.863041	1.885582	3.209583	2.28794	5.116479	1.564238	2.016023	1.966053	4.22883	1.121379	6.130967	6.646095	6.716232	2.408658	2.534007	2.2696	2.439114	5.330472	3.981079
Niben261Chr02g0682009.1	mediator of RNA polymerase II transcription subunit 28-like	33.714767	30.342999	31.738761	25.651401	28.772163	32.596384	22.649178	24.883927	35.924901	31.145591	26.658889	28.415418	28.538426	23.669982	31.504527	33.404792	34.567721	38.95536	22.856212	23.780066	29.250978	48.023958	48.52854	63.638014	41.118606	44.316083	42.293319	31.464248	35.260699	35.884975	26.301777	26.97566	29.623111	37.421354	28.086107	34.244947	31.426291	35.323901	28.514674	51.051605	39.512601	39.927733	39.239465	34.242742	32.860435	41.253152	46.687505	41.842446
Niben261Chr02g0691009.1	chloroplast sensor kinase, chloroplastic-like	4.536831	4.539072	3.77163	3.111738	2.956572	2.741788	2.134959	2.704853	3.630409	2.572597	2.28476	3.629752	2.736764	2.504561	2.818742	4.701557	6.047236	6.085511	3.863874	5.114279	4.388298	4.767	5.192118	5.807137	5.944592	5.330875	4.734189	3.515592	5.167479	3.19403	2.82551	3.979297	3.068795	4.662322	2.613038	2.40754	1.678597	5.450349	2.046251	6.448759	6.794913	6.088968	3.052305	4.461508	4.102706	4.870983	5.363028	4.403902
Niben261Chr02g0776008.1	DNA ligase 1	4.646241	6.316381	4.347418	1.890471	1.461295	0	0.882571	1.268569	1.845306	0.902459	0	1.223264	1.632895	1.528464	2.321837	3.235619	4.410344	0.710021	1.383671	3.161473	0.881464	8.208785	6.556884	11.564022	6.70641	8.221946	4.155941	1.846972	2.371794	4.397381	2.07364	1.283524	0.984571	1.044143	0	2.418644	3.891846	3.875492	1.432126	6.8374	8.770729	4.821995	2.860795	2.149767	3.66753	8.324622	7.536991	3.708534
Niben261Chr02g0822033.1	CCHC-type domain-containing protein	4.535374	4.641082	3.228789	2.158155	2.703555	2.710977	1.830548	1.765782	2.58751	0.993776	0.647644	1.583755	1.641526	2.253816	1.840843	5.001013	4.540568	3.328042	1.471262	2.35722	2.426025	6.71022	4.49711	4.416733	6.853411	5.615366	5.342968	3.456546	4.881514	4.610021	2.130108	2.603582	1.494663	2.462207	1.696459	2.782088	2.655313	4.383068	1.291239	7.135908	5.201201	6.04363	1.947052	2.554391	1.781337	3.711814	5.866309	4.019476
Niben261Chr02g1036006.1	Fe2OG dioxygenase domain-containing protein	2.845779	3.123991	4.097646	3.792437	3.641469	3.876508	2.569496	2.687696	4.533604	3.142073	2.575007	4.478189	4.164066	3.531461	3.687651	4.883087	5.639475	4.750565	4.658654	4.86146	3.993138	4.961503	5.597456	5.149561	4.970326	4.473124	4.530855	4.204754	5.360193	5.240437	3.128531	4.777246	3.893781	3.645307	2.822784	3.366519	3.40612	4.837094	3.504346	5.438688	6.310748	5.154209	3.285479	4.635398	4.090858	5.916056	6.049761	5.22367
Niben261Chr02g1074003.1	Peroxidase	13.813011	10.730426	19.386943	7.493683	8.688695	4.515852	10.495339	8.799893	10.971979	18.780713	3.811152	20.001819	19.418021	11.360095	9.203588	35.270813	28.09651	33.773617	8.227152	16.448043	18.343796	21.692671	49.619169	36.527884	19.937777	22.221257	14.826452	8.236417	18.333148	18.88252	12.329627	11.44753	5.854149	18.625064	6.904163	32.357212	14.462798	25.347561	8.515261	35.572609	37.927099	36.862766	5.669988	17.04303	19.08088	2.474863	28.809064	27.563156
Niben261Chr02g1333008.1	UDP-galactose transporter 2-like	5.900804	5.937251	6.121286	10.049877	7.282	6.77389	6.697583	5.854726	7.738226	9.945135	11.102528	8.906301	8.370139	9.053918	7.15673	5.496429	5.066739	6.43422	7.238931	7.802575	7.36491	4.606088	6.105713	4.688099	5.232356	6.13067	6.266918	7.316568	9.118761	8.871773	10.272317	7.721247	11.798785	5.807882	6.453594	8.515643	6.842651	6.459791	7.538649	3.603365	3.936584	4.252987	5.908978	5.784386	7.287557	3.159	3.291149	4.933764
Niben261Chr02g1474001.1	H(+)-exporting diphosphatase	9.019683	10.944792	9.866579	7.861177	10.323014	8.252988	3.994315	4.919826	6.838277	5.362304	4.690391	6.689426	7.882794	7.593856	7.203129	12.528488	16.812503	19.16716	12.702077	12.900678	11.331591	11.812512	12.838303	13.449511	11.03229	12.110998	11.380785	9.268137	15.020924	12.409369	6.831219	8.034043	8.263068	9.957133	5.955684	6.426297	10.348817	13.809673	8.609133	14.492476	19.143922	16.713963	8.266141	11.497267	12.006803	11.116963	10.883935	10.063548
Niben261Chr03g0084005.1	DEAD-box ATP-dependent RNA helicase	19.084484	17.172637	16.85081	11.622225	15.811028	10.910302	9.30612	10.004962	13.627032	15.052899	11.915905	15.257973	17.12779	15.639303	15.468434	19.693796	25.462676	23.686107	14.589879	18.293929	15.123709	19.30171	21.461881	21.110231	22.316095	22.106234	21.620687	16.353637	20.756576	16.603842	13.180027	14.453441	14.722395	16.802383	14.988239	13.640089	19.124335	22.667666	15.495426	22.671233	28.532436	24.27081	18.673668	19.692855	19.942165	20.858631	22.666868	19.313557
Niben261Chr03g0141009.1	HVA22-like protein	3.683223	2.78691	3.522826	2.34202	2.943787	2.409971	1.821986	2.215583	4.063288	2.168329	2.044042	2.312976	3.51702	2.359188	3.12903	4.22825	5.456266	4.816726	3.893291	5.076681	3.177982	4.888343	7.704561	4.554678	2.788837	3.563038	5.622906	3.854369	4.586263	2.790513	2.395601	3.58967	3.631217	3.113231	2.187167	3.335701	4.07268	3.207572	2.669023	5.028882	5.64478	4.961209	2.40016	4.863045	5.172313	3.561119	6.198265	4.571228
Niben261Chr03g0210003.1	Cinnamoyl-CoA reductase	46.292461	41.199208	45.272178	33.562484	39.64621	32.999963	30.497626	33.102481	49.140641	32.529236	27.843773	38.191246	36.638851	27.777623	34.396586	52.882236	55.912941	53.596865	32.137548	40.905676	36.647469	56.034378	58.500451	59.682822	55.284816	47.904063	54.994504	45.082696	53.183666	50.191837	40.481131	52.861606	37.690798	55.539464	35.127212	46.118107	41.430388	59.45075	34.801484	76.833412	72.822174	63.89784	52.090834	66.777834	59.809758	69.579512	86.064848	69.785439
Niben261Chr03g0407001.1	AT-hook motif nuclear-localized protein	5.318247	3.73937	4.408687	1.614967	2.915362	2.340755	1.536326	1.778304	4.183779	1.229624	1.939066	1.837464	1.847318	2.240945	2.247086	4.468783	8.441848	6.892804	2.261052	2.497507	2.852842	5.197536	5.658013	5.078803	6.861894	6.633099	6.981602	2.811385	5.256936	3.241749	2.057459	2.908327	1.576477	4.763651	1.499523	3.989625	2.845907	4.965521	2.004074	7.76083	9.271887	9.243002	2.415569	3.292546	4.477447	3.094767	5.165115	3.082136
Niben261Chr03g0501007.1	ARM repeat superfamily protein, putative isoform 3	15.922619	16.893178	15.950422	15.246759	12.751451	12.652357	11.412124	12.344387	15.004489	13.745408	12.915236	13.342951	14.248857	12.549449	11.849414	18.56628	15.344116	14.19386	13.501034	14.671497	11.957205	14.54325	17.306726	17.257762	13.300229	16.424448	17.341398	14.358713	15.729407	16.278271	12.1729	14.254794	14.761755	17.974162	13.202938	16.500587	15.205157	18.507696	14.371459	15.661813	16.888197	17.104175	15.053852	17.338002	17.89278	16.047221	19.90146	14.93026
Niben261Chr03g0540002.1	Zinc finger protein var3, chloroplastic	4.299021	4.388642	3.395136	2.616333	3.293604	3.514102	3.280804	2.491586	3.867237	3.532817	2.53449	3.797057	3.712645	3.107336	2.442825	5.629467	6.029022	5.194346	3.68399	3.558678	3.938597	6.455742	6.568462	6.478439	4.735444	6.320761	6.014601	4.710592	5.158179	4.424221	2.541872	3.019779	3.153402	4.995776	2.99973	3.197096	5.617022	4.413415	3.3411	7.262196	6.274115	6.125301	3.500086	4.023607	4.024331	4.081737	5.663173	4.802524
Niben261Chr03g0561003.1	RNA polymerase sigma factor	18.364686	16.733358	14.422505	7.028587	10.374334	9.11277	6.460361	6.421361	12.341825	7.359567	5.755556	9.633534	8.676386	7.713911	7.918202	16.440084	24.383677	21.435889	7.796647	10.926121	9.008312	17.728577	17.482086	21.116497	23.338714	22.285301	21.065949	11.537953	15.428117	13.128175	6.546471	9.982843	7.552545	14.915865	5.768392	9.501448	9.523513	17.679775	6.688487	25.159052	28.726577	23.000784	9.14265	11.068868	11.31574	13.293237	17.983961	14.434178
Niben261Chr03g1552005.1	Rna polymerase sigma factor sigc	6.17647	5.058198	3.854909	4.048354	5.23947	3.813633	4.084356	5.134267	6.410133	5.107095	4.436345	6.338543	5.168552	5.498722	4.434541	7.689247	9.056441	7.553582	5.235078	7.088731	7.675895	13.0282	13.153518	10.449688	6.343908	5.622137	6.57259	5.253611	7.33557	5.903575	6.168618	7.482907	5.989525	6.748394	4.07541	4.943853	6.634572	7.980443	4.438368	9.190884	8.561831	9.812663	4.890848	6.569581	7.49981	7.622003	9.460485	8.679288
Niben261Chr03g1919018.1	dNK domain-containing protein	7.507395	5.645472	5.329842	2.772015	3.951331	3.129839	2.178589	1.882807	3.901331	4.963243	2.455757	4.248666	4.694528	3.26876	3.843221	4.684513	6.819707	6.84658	5.283192	5.864395	4.697128	7.500994	8.266081	9.733772	7.794115	9.086494	6.798548	5.57628	5.827896	4.495505	2.419115	3.132813	2.480214	4.896822	2.315214	2.623684	4.954396	5.40459	3.567334	6.42858	10.198203	7.254791	6.498136	7.100262	6.85418	7.847304	9.572181	7.273158
Niben261Chr04g0303007.1	golgin subfamily A member 2-like	11.364619	8.864612	5.229691	6.001166	9.155483	4.872663	6.016198	4.747599	7.399317	9.227645	4.754826	13.12101	12.604116	12.3343	12.801411	20.974963	27.411168	25.765754	12.298627	20.12457	16.78887	26.058211	24.618714	31.22695	10.948642	8.391959	10.082031	7.035701	7.846109	6.954752	4.434609	7.848688	5.329718	14.653834	6.208068	10.425664	8.680586	17.171667	7.034621	24.417952	26.216831	19.059047	16.633289	15.875441	14.522257	15.855556	27.415556	20.075177
Niben261Chr04g0759004.1	Protein NEOXANTHIN-DEFICIENT 1	7.292977	6.032495	3.568655	2.017027	3.394403	2.310667	1.837146	2.269483	3.325904	2.169601	1.335222	2.350964	2.878539	1.591631	1.796461	5.832067	7.92414	5.620309	2.711273	3.166767	3.458172	6.212011	6.160125	6.244224	7.671253	9.451072	9.808935	5.620151	4.872652	4.962507	2.65746	2.67295	3.376628	4.59996	1.984795	2.518661	3.16264	3.683864	1.892409	8.545821	9.06707	6.687274	1.908818	3.042483	3.053329	2.599768	6.542525	5.272489
Niben261Chr04g0786004.1	protein ABCI12, chloroplastic-like	3.068324	2.888552	1.689804	1.704112	2.478343	2.033956	1.400493	1.44592	2.840264	3.034334	1.666072	2.529443	3.342475	2.818826	2.700748	4.720126	7.440526	4.983111	2.446141	4.103832	3.033503	5.743804	5.972533	5.388221	3.168143	4.091296	2.677577	2.851562	3.889695	2.948037	1.70713	2.556446	2.362266	4.116737	2.114971	2.892983	3.480731	3.708533	1.635085	7.467988	8.423046	7.979385	3.677104	3.341585	3.615985	5.184372	4.227859	4.218521
Niben261Chr04g1367004.1	anthocyanidin reductase-like	28.244921	19.064438	22.658648	14.482488	16.183093	15.554795	12.350417	12.929753	19.749497	18.294538	13.389173	18.477679	20.354992	16.006614	21.227069	32.483897	36.136779	32.370812	17.994483	22.047545	22.624388	27.808025	27.506114	36.620723	30.275269	24.379542	26.726146	14.716996	23.912235	20.91548	18.831478	24.204784	19.614828	35.892428	16.930037	25.436396	19.927173	38.213231	14.20021	43.474821	42.853498	40.726244	21.912916	28.887344	28.884872	27.001005	34.118683	28.349737
Niben261Chr04g1643001.1	Carboxypeptidase	4.738426	4.239027	2.35162	3.29881	5.610693	4.798622	3.231747	3.755447	6.59474	4.039622	4.038554	3.14369	3.566723	3.402728	2.257123	5.962719	8.002277	6.658861	3.449635	3.884647	4.588026	6.431885	6.239128	6.35241	4.217277	5.758714	5.094387	6.772186	6.630456	5.664902	5.282434	7.078173	6.539907	6.572738	3.272539	3.497351	4.142752	7.255046	3.458458	8.249877	11.970994	8.444183	4.095002	5.434401	5.36635	6.750839	8.926793	6.868203
Niben261Chr04g1807009.1	GATA transcription factor	30.689737	19.925615	12.319537	10.484414	15.815136	12.006235	6.323538	7.349754	14.211557	7.408883	3.962356	9.299318	9.302272	12.544561	16.151558	26.551932	27.469378	27.759349	8.282841	15.199974	14.981137	31.555368	35.125901	50.571217	43.05304	31.701438	30.199427	14.18343	38.938677	31.330226	18.062809	15.445179	13.020243	25.727676	7.57348	10.017313	13.53035	28.340688	11.815322	50.093112	41.514521	40.915694	4.568769	11.62352	9.12611	19.968729	36.644136	19.901661
Niben261Chr04g1875002.1	Purple acid phosphatase	4.732295	3.789433	3.957345	4.123403	5.649411	3.447916	3.945101	3.585349	6.407743	5.391825	3.392166	4.272371	5.17479	3.662998	4.02004	7.430525	10.128782	9.642287	4.582525	6.23063	5.544619	7.607514	6.098786	7.541794	5.795007	4.366244	6.183375	6.176095	7.030778	4.925258	7.246956	5.232328	5.161506	10.002856	5.956146	5.55676	5.926465	8.242791	3.610851	10.411474	12.339921	10.080049	8.284282	7.189786	6.820871	6.87512	7.567073	7.221148
Niben261Chr05g0359001.1	maltose excess protein 1-like, chloroplastic	10.020102	7.970692	9.873827	8.092414	8.437704	7.770691	7.456326	8.412242	13.347715	8.513773	7.144015	9.776457	8.264996	8.334009	6.887336	11.364656	15.170663	16.918252	9.238172	10.616663	10.772263	22.177308	20.094701	24.7753	11.421646	8.877109	9.64003	7.05038	12.006845	10.059914	8.636265	13.463625	8.947829	14.28744	7.112195	11.70789	5.209107	15.317534	5.158183	12.711161	17.880303	15.288304	8.678602	9.934028	11.192461	14.559651	13.80446	11.229349
Niben261Chr05g0975001.1	Chlorophyllase	10.681314	9.655292	11.550201	9.432123	12.414269	11.393978	8.169344	8.651226	9.005164	6.850947	5.746762	10.348805	13.812169	11.715127	11.471296	20.175888	21.72739	19.504833	13.937098	17.144373	13.765065	23.538992	24.43434	21.056514	12.120687	11.564415	12.981909	9.545506	19.847279	12.716533	7.096134	12.38698	6.40545	11.020669	6.156154	9.704095	12.591122	20.509106	8.075571	17.178244	23.519201	19.186133	16.407662	18.649898	16.042629	21.608262	21.873074	19.369417
Niben261Chr05g1082046.1	RNA polymerase sigma factor	3.620626	4.722176	3.414399	3.510221	5.076486	4.496111	3.001104	2.891168	4.986783	2.210516	2.3818	4.136867	2.83206	4.152636	3.440232	6.288744	8.931649	9.599662	3.289935	4.405358	4.28746	9.055504	9.420023	9.489274	6.309551	5.571244	5.126135	5.123395	7.092385	5.887546	3.428934	4.303221	3.871306	3.654148	1.844177	3.558746	2.95027	4.907896	2.373428	8.945201	9.939645	8.105034	5.315987	5.613653	5.296379	5.962872	8.253489	6.781302
Niben261Chr05g1157008.1	TLDc domain-containing protein	13.809002	13.202763	11.065227	7.419479	9.604897	7.032263	5.347031	6.283809	12.656165	8.6655	5.568525	10.487413	6.439682	9.260152	7.873083	16.027525	16.276282	19.153103	5.641341	8.311977	10.479121	17.20313	21.191034	19.16743	16.208428	15.379928	14.157043	6.75612	15.887326	12.007577	9.087065	13.645014	9.791493	15.635729	6.016193	9.123739	5.894656	14.796552	6.057191	20.418283	17.590868	16.536173	7.739463	10.484968	10.271331	11.609441	19.323411	14.095514
Niben261Chr06g0011009.1	pentatricopeptide repeat-containing protein At4g16390, chloroplastic	6.168477	6.37219	6.355067	5.518089	7.368083	5.706675	3.116293	3.583376	5.03007	5.276866	4.01949	5.37315	5.650317	6.260394	4.809629	8.682792	11.514819	10.58969	6.78778	7.769394	5.627187	7.600406	8.92399	9.227961	7.469293	8.656537	7.137585	6.260659	9.138392	7.342095	3.592595	3.498723	4.839213	5.751391	4.329589	4.440825	5.441758	6.590247	4.915141	10.912339	12.837966	9.534616	6.949661	7.712116	7.459068	8.606449	8.242286	8.301947
Niben261Chr06g0032005.1	Inositol transporter 4	2.694222	2.429334	3.001123	2.21856	2.900201	2.98848	2.893982	3.108813	4.968042	4.049422	3.008852	3.567789	3.043508	3.112645	2.804931	5.100104	6.437074	7.03356	3.024737	3.791986	3.133748	6.611165	7.447932	7.234513	2.380931	2.399315	3.127146	2.645641	3.995022	3.89551	2.982252	4.363776	3.636246	5.04557	3.500231	3.923667	3.324706	4.922628	2.891742	5.339517	7.265563	5.230868	3.883916	5.688796	3.829318	4.597342	6.61519	5.440184
Niben261Chr06g0154010.1	S4 RNA-binding domain-containing protein	19.281869	15.404467	18.478313	12.559753	17.556535	11.32808	10.18526	11.740624	14.943155	19.850385	15.620976	17.46593	19.196686	18.745588	17.193431	20.370588	28.243453	25.723137	16.074902	20.639229	18.411758	27.191053	26.136172	23.171511	25.484785	24.100135	22.491194	26.483818	22.854804	20.173054	14.498771	18.18248	14.631137	25.731001	16.250637	15.105412	21.224411	23.796988	16.574277	30.460485	35.259762	27.641172	25.829471	24.602451	26.821567	27.725874	33.613563	28.292594
Niben261Chr06g0231008.1	RRM domain-containing protein	5.255688	4.34036	2.642672	2.398254	3.166911	2.408732	2.892382	1.721066	3.267587	2.098912	1.829563	2.004453	2.11465	1.696636	1.431834	4.332752	6.460859	6.267603	1.584671	2.506657	2.51601	7.47278	6.774189	6.723814	5.114786	5.965859	5.096493	4.588517	5.666691	4.545239	2.265259	3.256561	2.081715	2.86997	1.759485	2.109453	1.594305	4.015106	1.286899	7.68005	8.555652	8.338315	2.469879	3.825654	3.392547	6.072362	7.398734	4.60664
Niben261Chr06g0470002.1	AT1G17665-like protein	5.903013	6.5663	7.569572	3.941975	5.318024	3.702791	3.416133	3.506	5.004409	5.473126	3.491219	5.41399	5.2216	5.461008	5.369188	4.94598	8.620922	6.629115	5.286003	6.944768	7.036803	9.957977	9.051466	9.263706	6.838542	8.488181	14.056834	7.312023	5.525255	4.621767	3.719037	4.50924	3.667513	7.992335	7.138872	5.11872	6.779811	7.017627	5.444717	12.216968	10.330001	9.651291	6.159111	7.803429	6.95165	7.975521	11.660508	9.572507
Niben261Chr06g0512003.1	IENR2 domain-containing protein	6.731713	7.036171	6.903842	7.928241	10.172019	6.837569	7.805233	7.776247	12.629303	9.137913	7.893786	7.943923	8.411819	7.194392	6.484168	10.097576	14.042254	13.847385	7.580423	8.383361	9.350763	16.739239	14.391379	13.024477	6.766903	8.155198	8.61695	11.217981	11.782696	9.727886	7.945137	9.117318	8.846061	8.197729	6.019542	6.135806	7.045938	9.726325	4.88694	11.192928	13.883263	11.381848	8.321811	7.055511	7.958491	11.107487	12.892491	10.14087
Niben261Chr06g0548007.1	transcription factor bHLH79	4.408674	4.662371	4.790762	3.395205	3.886337	3.357756	2.560451	2.687361	3.977681	3.519769	2.127348	3.564748	4.850104	3.926079	4.758188	4.171694	7.895592	6.034221	3.536045	5.718986	4.444413	7.712	6.464171	7.856396	6.311183	5.214086	5.708469	5.512014	4.71487	4.412591	3.151555	2.717412	2.495087	4.711877	3.226746	3.926302	4.796555	6.496883	4.302813	7.674687	8.426117	7.29779	4.808263	4.900043	5.78426	4.772573	7.915281	5.471752
Niben261Chr06g0711010.1	Sulfotransferase	7.661948	5.882857	6.94687	5.598623	6.117824	5.242816	3.497513	4.675807	7.548594	7.614109	6.391193	7.896948	7.305907	7.620223	6.430899	8.548218	12.484005	9.938774	6.131867	8.487047	7.549655	10.202162	10.934639	9.932193	7.960735	7.166234	8.181592	7.201252	9.065588	7.963176	7.201408	6.932316	6.230173	9.076461	4.799463	7.575055	7.3383	8.521245	4.210725	10.16089	11.415864	12.02013	7.070356	10.671952	9.025103	7.50242	9.015484	8.11859
Niben261Chr06g0776022.1	ATP-dependent zinc metalloprotease FtsH	8.263737	7.240087	7.299445	5.937429	8.252039	6.845589	5.376572	6.071141	8.554629	7.295838	7.600928	8.902997	7.671543	7.558487	7.95737	13.533108	16.616851	17.460663	11.258305	14.318649	11.920992	13.313967	16.782534	15.209086	10.261648	8.253614	9.516382	7.265733	10.418714	7.403372	4.677789	9.169801	5.998337	9.578738	5.327018	6.888666	6.985688	12.712949	6.641471	14.754314	18.687246	15.679632	10.545347	14.986516	13.132472	12.152478	12.582754	11.592627
Niben261Chr06g1127006.1	Zinc finger C-x8-C-x5-C-x3-H type family protein	8.775719	6.344217	4.462668	3.363684	7.19981	3.119764	1.449549	1.909362	6.048514	4.446638	2.10642	2.762524	5.363787	3.765561	2.542282	8.41354	9.572528	7.022969	4.355218	3.892756	5.790922	9.362076	7.859903	6.230892	10.227949	12.276233	8.19094	3.791871	6.427531	4.212815	3.14355	4.275028	2.425613	5.143557	3.496383	4.965524	6.39329	7.002673	3.234202	10.527871	10.475775	10.801	5.481938	6.517794	4.895133	5.468997	7.073174	7.61293
Niben261Chr06g1140007.1	Aldehyde dehydrogenase, mitochondrial	63.658094	45.44342	56.230564	30.192581	39.137844	28.62837	23.912907	31.071561	33.78441	30.055073	29.857202	32.180891	38.510539	32.419021	37.710049	51.690379	59.139785	51.423333	41.898821	54.387966	41.010706	48.402497	57.238632	53.26732	64.600607	50.454392	63.337432	35.110002	57.549094	40.634495	36.191977	53.272231	35.805837	52.543162	33.514781	41.067771	39.03861	65.121709	40.39806	64.287332	84.771417	64.616775	49.67061	60.999805	61.977925	68.793572	72.606595	69.408919
Niben261Chr06g1148017.1	S5A_REDUCTASE domain-containing protein	14.277765	9.906343	11.115041	10.329501	12.28284	10.387639	7.677089	7.644069	12.932497	8.989498	8.332783	10.586784	10.548648	10.515608	11.041623	14.301956	19.909175	21.161277	14.372684	15.481142	16.448789	17.565769	19.623221	17.514551	13.752701	12.687688	13.266074	10.465063	13.375288	12.664536	7.635566	10.403242	9.142544	11.903319	7.711059	8.6821	8.295505	14.459821	6.647888	18.185023	21.000849	19.021363	11.118943	17.18483	16.170784	13.008296	15.811769	13.377718
Niben261Chr06g1325008.1	protein CHLOROPLAST IMPORT APPARATUS 2-like	28.626972	12.673651	5.90165	6.942677	9.67513	5.234578	6.03689	6.4694	14.1162	6.691215	5.890227	8.622518	7.375015	8.619381	9.738788	20.780015	18.652621	16.386135	5.009156	7.262914	7.639924	32.669544	27.761838	24.642386	40.396924	21.542394	15.928086	11.765219	18.700159	12.437548	10.755083	12.587212	9.407582	9.268128	6.547788	7.198382	11.938345	12.383876	7.200671	21.821709	14.737778	17.948027	5.078617	9.503438	7.324959	13.08317	20.913726	17.330826
Niben261Chr07g0162002.1	Gamma-glutamylcyclotransferase family protein	8.532438	3.18668	4.094192	3.412348	6.536847	5.185587	7.064893	7.864961	15.205936	4.886884	4.225464	8.640089	7.688916	10.076046	10.0219	25.392938	21.360616	15.212099	4.343586	6.5129	8.508739	36.935302	33.400931	27.566446	7.894723	4.575432	8.219122	8.044683	13.625225	6.671673	12.368084	15.713901	9.272225	22.124792	6.014421	7.118013	10.079179	26.46072	8.092251	44.06786	33.790321	32.598801	5.837349	6.917208	7.123681	16.659434	34.475908	23.356238
Niben261Chr07g0379001.1	(S)-coclaurine N-methyltransferase-like	6.01468	5.02713	4.163689	4.14001	4.712286	3.71015	3.275059	3.855918	5.401893	4.462209	4.417584	5.078737	3.87538	4.797617	3.825183	7.220405	8.755745	11.071225	6.059158	7.863421	5.669222	8.812304	9.757511	12.933725	6.156366	6.533072	5.297436	4.016796	6.191202	7.557707	6.483522	7.059224	7.17398	8.153478	2.821236	5.03637	2.091232	8.368856	3.911669	7.924765	9.491098	7.195291	6.389366	5.434581	4.837331	8.602498	9.742364	6.812206
Niben261Chr07g0594019.1	pentatricopeptide repeat-containing protein At1g71460, chloroplastic-like	2.781762	1.939331	1.890961	2.240332	3.813647	2.31245	1.671033	2.43432	3.423015	3.071011	2.623991	2.83251	3.154336	2.796171	2.45547	3.145892	4.38477	4.051152	2.088722	2.628914	3.044674	6.697639	6.51231	5.640157	3.554368	3.824853	3.55135	3.945929	5.303849	3.43768	2.529013	2.972041	2.544316	4.034032	2.297542	2.444395	2.713467	3.291947	1.978693	4.067397	5.814209	4.40627	2.805858	3.300238	3.260851	4.813664	4.765948	4.34106
Niben261Chr07g0951011.1	sodium-coupled neutral amino acid transporter 5-like	10.27563	8.720501	8.10383	8.163635	8.206814	6.755285	5.133573	6.934819	9.006049	8.73716	9.931722	11.478206	12.496659	11.383223	11.814179	17.003342	18.988399	21.006114	13.138997	19.462875	16.517914	24.408293	27.499595	21.926948	11.118882	10.067142	12.467082	6.064141	13.781593	11.068391	7.893761	9.950991	8.884089	17.051375	9.236779	11.943137	10.2991	20.47226	8.436355	25.729173	27.101051	24.831891	12.674551	20.532471	20.450722	18.13691	16.391241	16.847638
Niben261Chr07g0978002.1	Ribosomal RNA small subunit methyltransferase D	15.605802	11.632187	14.591444	11.386278	12.122057	11.551885	7.909034	9.677143	12.4349	12.458697	10.888749	12.39574	13.577507	10.198783	10.760391	14.588284	12.232511	15.792695	10.113325	9.655262	10.885416	16.082389	16.315731	15.419222	16.62543	17.251553	18.635887	14.827474	15.887995	13.046492	9.554085	10.799928	10.263771	15.434892	13.017157	14.763743	14.469798	15.533216	9.282384	15.230412	17.118011	16.747888	15.079346	17.61548	17.17339	16.33693	20.489077	16.81466
Niben261Chr07g1063001.1	Zinc finger family protein, putative isoform 1	26.807458	17.145136	16.927915	5.018761	9.698498	6.183242	6.562303	5.089067	10.940928	12.617978	6.579652	18.510658	11.559888	12.037897	13.971596	26.625944	37.579655	39.836434	4.734509	6.014968	6.240297	22.922398	21.944268	25.071544	33.574819	30.294263	29.127395	15.036735	14.859911	10.289943	6.728559	9.086553	7.31976	30.307485	9.864405	12.628475	15.153557	32.237668	7.984229	45.986111	54.047724	50.718316	12.489141	11.921567	10.223264	18.563949	33.348273	21.659817
Niben261Chr07g1306012.1	Chr1:9976596-9979080 REVERSE LENGTH=277	3.90716	4.416843	4.17988	1.777355	2.326555	2.653758	1.991486	1.789085	2.27095	3.054435	1.972447	2.446808	3.265612	3.135618	2.659127	5.198599	6.636019	5.46124	2.814906	3.768617	3.212445	3.744763	4.692783	4.854756	4.520548	6.170775	5.246275	2.651831	3.772044	3.357139	2.055603	2.747214	2.221661	3.164056	1.869935	2.728704	4.340911	4.212424	2.386821	7.40009	7.809656	7.558887	3.036202	3.56457	2.867571	3.718201	5.577423	4.991678
Niben261Chr07g1433009.1	Protein kinase domain-containing protein	8.316919	7.562659	6.626659	6.448739	7.003512	5.055704	3.801576	4.365028	8.14736	6.197776	4.676673	4.904533	6.604842	3.99825	5.384947	7.172586	9.28332	6.895227	4.936203	9.040063	6.129295	10.034968	11.036098	14.259523	11.562106	10.791637	10.726239	13.290159	10.616083	9.381415	5.679585	7.446372	9.443156	14.145227	6.236403	6.063462	6.42757	11.052803	4.516131	11.734362	14.493746	11.828225	7.253256	9.091056	9.222072	7.242394	10.57573	8.901833
Niben261Chr07g1487002.1	Monodehydroascorbate reductase	20.675868	16.728337	16.448674	11.753885	15.963376	11.294593	10.000121	10.802399	11.783196	9.419211	8.821185	12.212887	12.730239	12.068138	15.344378	21.604196	25.029724	27.717611	19.115494	23.45536	18.398019	23.272794	23.6251	21.692409	20.749033	16.32415	19.150029	12.486563	22.379647	17.781936	15.449915	18.706293	16.972246	19.709361	11.305843	14.693242	12.53359	25.488975	12.653606	27.692334	30.061196	25.41613	16.355492	19.590049	22.395178	19.267148	20.915049	18.477232
Niben261Chr07g1490013.1	sirohydrochlorin ferrochelatase, chloroplastic-like	7.356472	11.83537	12.691737	8.233704	12.111876	8.759507	7.889935	8.255398	10.511642	9.627952	10.716025	12.871403	11.65152	9.474238	10.485464	13.370402	16.661014	14.125498	10.56673	14.6982	13.214378	13.939255	16.160669	17.71803	12.982783	13.581034	16.185516	15.248202	13.748659	14.516377	9.087797	12.030491	9.941102	11.196651	10.193418	13.380092	11.782447	13.075666	10.531734	12.934636	18.741279	14.895286	10.63902	13.319951	12.955463	12.962873	14.963548	12.16031
Niben261Chr08g0012013.1	IENR2 domain-containing protein	4.222636	4.600634	4.284375	5.963085	8.006619	4.926432	5.350244	6.277372	9.973572	4.480259	3.856333	5.548419	4.27443	4.265492	4.407612	7.318958	12.511637	8.284638	3.687967	4.363123	4.385824	11.899678	11.784979	10.617836	4.227639	6.065782	5.881441	9.814565	10.946039	9.707684	5.150673	7.815892	7.841675	6.582195	3.700003	3.954411	4.588877	6.700954	3.178118	10.277164	12.343119	8.3985	5.305124	5.575892	5.173299	7.663299	9.245485	7.751669
Niben261Chr08g0015003.1	alanine aminotransferase 2-like	11.786088	14.614645	10.690473	10.392675	15.77846	9.604904	9.92127	10.695292	11.600098	9.477408	10.191824	8.91108	8.423186	12.603872	9.215317	20.698903	29.518543	22.369402	10.505975	12.859567	12.842353	18.010323	16.17874	13.817305	9.813313	14.731705	12.847405	10.722694	16.453327	12.538145	12.115301	11.53331	14.490189	12.085039	11.020662	12.208114	9.894007	16.107829	10.591443	28.412181	35.115479	28.65663	18.653702	19.396577	17.426921	25.765218	22.415696	25.644116
Niben261Chr08g0166009.1	Transcription factor bhlh47	4.047981	3.155964	1.852584	1.425873	1.937389	1.438427	1.337223	1.561677	1.834812	3.076638	2.829658	2.368712	4.715846	4.125335	3.664581	5.248783	6.917415	5.04257	4.336718	5.089542	5.592595	7.427834	7.112044	5.749002	5.095371	4.486536	3.220974	2.185417	2.425747	1.804382	2.290617	1.883951	3.449468	3.856338	4.104649	3.205954	6.818181	6.38548	4.407565	8.255503	6.342439	7.110322	5.50845	4.07151	4.861893	4.808399	7.94781	4.564975
Niben261Chr08g0242006.1	Transcription factor bhlh79	7.987754	8.211227	7.002257	4.913774	7.137088	5.66171	3.025136	3.260924	5.580771	3.985444	4.061717	5.693006	7.205912	6.393248	6.963207	7.301457	10.828945	11.435875	6.956158	9.430572	8.686511	10.44107	10.726488	13.168724	10.231748	8.711223	7.875544	7.722671	7.686656	7.043832	4.204886	5.867568	4.666517	9.007025	5.549053	6.839002	7.639421	12.13129	5.461463	12.010849	13.460329	10.957257	6.128819	7.921451	10.423398	6.562812	10.10972	6.876816
Niben261Chr08g0435019.1	ATP-dependent zinc metalloprotease FtsH	6.47765	5.477296	6.627659	4.777093	5.313967	4.917568	4.802594	4.190451	5.855028	5.976236	4.973887	6.747509	6.50369	6.458391	5.960523	9.717087	12.091104	12.615859	7.878503	9.633984	8.090538	10.253295	11.212405	10.318897	7.425815	5.713338	6.187106	4.240953	6.214348	4.489128	3.075102	5.677578	3.470032	8.063831	4.269132	5.282834	6.081581	9.869563	4.590335	12.507041	14.417282	11.710196	6.134991	8.798806	8.557518	7.517699	9.621217	8.391061
Niben261Chr08g0444002.1	Tic22-like protein	7.039938	7.481987	7.123348	7.836244	8.427932	6.369766	5.177384	6.039006	8.139088	8.237706	9.243042	9.131222	9.271906	8.29242	8.959175	12.42935	13.054558	11.232062	7.908729	11.589073	10.120643	14.173871	14.985991	14.284007	8.556451	9.666096	10.153835	8.417361	10.283185	9.355367	6.585855	8.479865	6.456553	12.091766	9.058216	9.299146	10.286776	12.395795	8.930429	14.690115	14.360114	15.022832	9.101212	10.097631	11.000626	14.437604	15.687171	13.792916
Niben261Chr08g0613003.1	RNA helicase	13.989571	13.291256	10.092035	9.478487	12.860901	10.994966	7.439331	8.473816	12.488167	7.804105	6.172126	9.324175	8.044198	7.51163	7.912697	16.674503	20.773895	21.5161	9.345148	11.159102	9.741711	19.211514	18.559077	20.122243	16.655008	18.141295	19.040828	14.443558	20.472355	17.617828	9.939177	12.563236	10.071507	13.480103	6.348423	7.188581	8.057436	13.344073	6.318318	18.26242	23.777877	18.85623	10.868674	13.010173	13.288254	15.129943	15.773199	15.012407
Niben261Chr08g0782007.1	Adenylosuccinase	2.252	1.874391	3.574651	2.945242	3.098722	1.774866	1.756937	2.378946	3.274167	1.327868	2.108151	2.593969	3.745267	3.638033	2.679472	6.534506	8.343428	8.050463	3.033918	4.856982	4.119807	5.604971	8.97703	6.818582	3.81442	3.040594	4.100651	2.797545	6.035357	5.116747	4.845914	3.943763	5.624316	4.699394	2.211035	3.140088	2.610574	6.104876	1.921284	9.76458	7.729291	7.810497	3.218909	5.08584	3.72984	4.683349	2.79576	3.370313
Niben261Chr08g1074005.1	PKS_ER domain-containing protein	3.844164	4.221981	3.627934	1.689969	2.772437	1.733466	1.485607	1.508012	2.026895	3.089661	1.097218	2.84433	4.91488	3.79382	3.157539	5.077176	9.976302	6.907605	4.408173	6.832416	4.8536	9.836268	9.727539	9.093471	4.838018	6.162855	4.055063	3.846674	2.814962	2.536901	3.628541	2.45347	4.044937	4.647149	2.341052	2.691155	2.831379	4.046784	2.410657	4.974316	6.323972	4.677436	4.380196	3.168867	2.563551	3.681276	5.130015	2.962528
Niben261Chr08g1085008.1	IENR2 domain-containing protein	5.788039	5.345425	3.868941	2.399176	4.165694	3.125316	2.748564	2.610244	3.229635	2.959896	1.995824	3.843353	2.451251	2.082457	2.151701	5.095556	7.883259	6.595331	2.462038	2.857049	3.332899	5.882226	6.016614	6.650374	6.259028	7.460477	6.101606	5.02549	5.988234	4.536713	2.882998	2.890364	3.613625	4.616416	2.539756	3.835055	2.542388	4.094974	2.50959	6.796294	6.873095	6.129012	3.870899	3.227365	3.110404	3.842278	7.18477	5.309994
Niben261Chr08g1171001.1	Chr5:715302-715983 REVERSE LENGTH=140	20.964847	18.661294	10.216924	13.032271	16.484201	11.423306	4.977942	6.360063	17.346707	10.180232	2.410174	20.698621	29.164912	15.805081	14.550881	12.166513	47.381979	24.028253	7.804281	20.803496	14.915087	39.440551	49.310138	47.55933	27.018551	22.484369	21.877924	15.626138	16.944915	15.615562	14.294977	10.859132	16.659747	11.778497	7.276991	13.641808	20.121812	21.858827	26.925269	77.129588	38.975804	37.558263	19.721364	25.597793	25.857331	14.085938	22.267498	27.889519
Niben261Chr08g1361003.1	HHH_2 domain-containing protein	7.382631	5.006819	7.127092	4.370692	5.896941	4.980413	3.784144	4.585958	7.795644	5.235089	5.658177	7.944477	7.721977	5.589747	5.367995	9.112758	10.011149	9.134137	5.118388	5.780912	6.891839	11.041969	11.576157	14.036158	7.12829	10.274185	8.909579	5.8229	7.477492	7.516725	5.317173	7.238358	4.718127	10.53389	5.857243	5.490139	8.467449	8.601584	5.598632	16.274846	10.256096	10.858743	7.696343	6.596786	8.093766	8.503318	11.677163	10.405698
Niben261Chr09g0011011.1	DNA excision repair protein ckn1	3.906856	2.962482	2.319443	2.11199	2.534177	2.51793	1.870071	2.224843	3.350891	2.374329	1.25063	2.457824	2.621809	1.87045	2.509233	3.855974	6.070247	5.552826	3.598578	4.285165	4.065188	5.714558	5.554378	5.252793	3.289671	2.806268	2.752533	2.783019	3.149227	2.586673	1.980502	2.44565	2.797255	5.212212	1.873955	2.71936	2.258474	5.150699	1.904823	7.044037	8.498043	7.22592	3.034366	4.163444	4.188287	3.336414	3.40982	3.652516
Niben261Chr09g0073005.1	Sucrose-phosphate synthase	1.763436	1.837514	1.212392	1.334506	1.60317	0.932796	2.097085	3.153315	5.318456	2.606349	2.943617	2.841596	3.28251	2.648307	3.449543	8.133158	13.326406	8.758964	4.774016	6.951246	7.031239	9.952663	10.702272	8.787417	1.707077	2.01832	1.209293	1.445811	2.646935	1.591459	2.381215	4.641346	3.383941	6.18565	3.013956	3.115327	2.118556	7.877705	2.614769	15.109461	18.47363	12.805385	4.818766	3.765274	4.224828	5.728334	6.829964	6.150099
Niben261Chr09g0228005.1	Chr3:1141581-1142528 REVERSE LENGTH=269	11.491659	10.210757	9.575413	7.079834	9.094697	7.059607	6.348914	5.947049	10.29146	10.285042	10.879739	15.72088	16.167914	15.133904	14.262806	21.270884	24.647871	22.324417	13.830731	15.140404	16.030484	22.706317	25.390719	24.0099	11.847946	12.324569	10.413354	10.897901	10.620535	11.215222	7.095375	11.10062	10.027145	18.060644	10.699385	16.128183	16.27892	22.741707	12.154307	26.872633	26.229921	25.445122	12.101098	16.159725	16.674614	18.23448	21.408916	20.907691
Niben261Chr09g0431013.1	Translocase of chloroplast, chloroplastic	6.698103	5.602396	6.766429	3.803549	5.103414	4.253568	2.914352	3.169584	5.3096	3.952105	3.386401	4.019988	4.393207	3.831728	3.921148	6.831068	9.320431	8.097928	5.005897	7.369387	5.791663	8.641828	9.241668	8.885379	8.444178	7.322685	9.721246	4.788911	7.697255	6.083709	3.276928	4.397085	3.363115	5.642027	2.888289	3.5503	5.127002	6.352508	3.398347	7.666222	12.013595	8.596327	5.41402	6.225414	6.153257	6.656566	7.943306	7.384366
Niben261Chr09g0434003.1	WD-repeat protein	2.450343	3.036225	3.064827	2.194888	2.782649	3.202555	2.456639	2.442963	2.926419	1.869883	3.28381	2.537381	2.72729	2.472774	3.935927	4.171795	4.689095	4.861246	3.59897	3.500384	3.720467	5.910811	6.230674	5.96437	3.302975	3.276075	3.080843	3.423664	3.8685	2.781469	2.364678	2.569599	2.468477	3.604366	2.53373	2.922341	2.973172	3.511134	3.11721	5.014543	5.417536	5.051773	3.56088	4.464019	4.425534	4.999025	5.547085	4.94979
Niben261Chr09g0467001.1	GTP diphosphokinase	4.113707	3.710403	3.632248	4.683503	6.951445	5.278192	5.110638	5.36342	8.968645	3.31836	3.428021	4.980218	3.236898	4.203578	3.641432	8.502997	11.384732	10.887556	3.435792	4.358431	4.242462	13.044256	12.406284	10.811112	4.805757	5.151583	4.989773	7.395633	9.64243	7.799459	5.802776	7.48612	6.485472	4.987666	2.701915	4.145094	4.206794	5.924805	2.885063	11.86682	13.363895	10.538705	6.009459	6.500663	6.169805	9.092888	10.392833	9.16901
Niben261Chr09g0612008.1	tRNA-dihydrouridine synthase	20.749083	18.739014	17.331797	18.002713	18.145227	17.409466	15.501123	16.582274	19.735398	21.742449	19.247606	20.54259	18.237782	16.367866	15.923891	20.728624	24.838544	23.160651	18.13385	17.42846	20.683566	22.854129	24.156238	22.786301	25.548234	24.726413	25.370613	24.180628	22.147187	19.721506	15.998307	17.716243	17.488311	19.023822	17.62647	19.682083	20.338186	21.641307	17.335716	25.542727	28.559379	27.891268	24.672606	21.413452	20.244322	22.724529	28.570784	23.705403
Niben261Chr09g0942011.1	DUF724 domain-containing protein	4.4292	4.42561	5.70597	3.83068	3.634	2.885561	3.77995	5.170237	5.799949	3.802784	2.390991	3.549065	4.85033	3.220324	5.185931	5.438805	6.223791	5.542349	5.766798	5.787352	4.627673	9.198854	9.594122	8.387697	6.287242	4.233897	6.086249	4.401736	5.537812	3.577506	4.154089	6.472488	4.896933	3.678532	3.529324	3.592153	4.099869	5.943254	4.847545	5.963029	6.334106	7.803997	5.730985	5.890629	5.003631	6.900654	8.107202	6.532613
Niben261Chr09g1092002.1	protein TSS-like	6.129271	5.3814	4.573959	3.542098	5.154726	3.349537	2.71661	3.143842	4.848073	2.131243	2.008008	2.446964	3.211333	2.622216	3.094802	6.683414	10.331633	8.137303	4.926052	6.967007	6.503649	7.107142	6.823289	6.811922	7.236659	6.727103	8.214747	6.049693	7.975139	5.923511	3.770567	4.52653	4.234412	4.947447	2.552015	2.761167	4.382638	6.290666	2.65315	11.088635	12.444768	10.52662	3.721756	4.366596	5.033485	4.910421	6.859386	5.064872
Niben261Chr09g1100005.1	PORR domain-containing protein	10.672815	11.335368	7.17772	5.247276	6.94946	5.152075	4.688229	4.841508	5.530343	5.668429	5.061271	6.56385	6.945027	5.869976	6.055699	9.058353	13.522996	10.703295	7.16798	6.779922	7.561356	12.73454	12.216258	12.477607	10.487915	12.421105	8.054904	7.225771	9.278992	8.206786	5.135464	5.712455	5.512759	5.996214	5.390166	4.948164	8.800219	8.290303	6.862144	16.5957	20.433298	15.452759	9.857239	11.496747	12.110408	12.339906	13.835036	12.245806
Niben261Chr09g1132019.1	Chr2:12543081-12543702 FORWARD LENGTH=169	23.644615	21.485879	20.559974	10.618676	12.278281	10.771953	10.244309	9.723845	18.582193	14.068058	11.22561	15.871777	16.009431	11.933566	10.97503	18.882135	26.261112	24.374272	11.224974	15.221031	15.480775	25.720136	26.307338	36.454896	30.592115	34.473423	23.871227	23.480854	22.178831	21.558579	14.76886	15.399213	17.652793	26.213808	13.691307	19.697496	15.668991	26.245095	11.536191	29.931013	33.372472	28.581796	21.248415	20.106966	20.874206	25.657903	34.700795	28.735655
Niben261Chr09g1145032.1	AT-hook motif nuclear-localized protein	8.272695	5.608784	4.716825	2.353253	3.46671	3.624722	2.049302	2.230223	4.250271	1.092445	0.578215	2.179759	2.464764	2.62332	2.52179	8.311436	14.936785	11.232129	2.673331	3.496423	3.473819	7.89538	7.499885	6.911195	9.810167	8.195963	7.764075	3.316641	6.081309	3.904001	1.593196	3.001529	2.423546	7.184775	1.383379	2.479315	1.633996	7.945365	1.438425	12.7257	12.701728	11.933231	1.84604	3.548987	2.848433	3.218391	5.406276	2.881759
Niben261Chr09g1303002.1	HTH myb-type domain-containing protein	14.586678	10.307063	6.087552	4.992297	5.065626	4.598842	3.623631	3.379098	2.609472	2.145527	3.31179	2.675696	1.57846	3.986711	2.562491	9.004278	13.652514	8.367861	4.419426	6.418763	4.449969	10.437582	9.563468	7.636161	18.492823	10.05222	7.201298	5.428399	8.465882	6.261089	7.257133	3.588756	5.155287	2.497161	3.051415	3.016751	2.877345	7.115441	2.787167	16.429129	15.411185	14.359839	8.476168	10.67525	8.465068	9.937853	13.126614	9.941052
Niben261Chr09g1355020.1	Magnesium transporter NIPA2	2.989025	3.291914	3.012965	5.727935	5.023268	5.336232	4.202944	4.676698	3.708531	5.357159	5.866073	5.59911	4.998645	4.77274	4.116207	4.067922	2.376485	4.479319	6.218064	4.888597	6.649712	2.819748	4.718373	3.977545	2.724972	2.681283	4.216209	6.338981	4.69443	4.985905	6.455584	4.406045	4.868504	4.909139	5.02582	4.115663	5.297064	2.971312	5.092766	3.013235	2.465806	3.655794	4.540532	5.007399	6.225501	4.572393	3.729135	4.63087
Niben261Chr10g0004003.1	translocase of chloroplast 159, chloroplastic-like	5.092738	5.038843	4.69283	3.257176	4.632637	3.158042	2.538606	2.708834	3.920484	4.090315	3.63779	4.369542	4.164021	4.318248	3.972217	5.742946	7.695237	7.090659	4.831874	6.108324	5.068133	7.246864	7.645799	7.399824	5.944224	5.7899	7.112778	3.803958	6.189651	4.170971	2.53615	3.462629	3.033783	4.918012	3.535492	4.276376	4.987073	5.923596	3.807867	7.085621	9.354324	7.845091	5.211878	6.081306	5.670962	6.425863	7.802814	7.038173
Niben261Chr10g0154014.1	GTP diphosphokinase	8.528852	9.3623	7.62428	9.145117	12.687816	10.180093	8.821441	9.508464	11.476424	8.289862	7.283979	9.878	8.961639	7.6201	8.224585	13.843066	20.531339	19.653143	10.363107	11.105715	11.052887	17.602594	19.756806	18.489532	10.519558	11.101356	9.686302	11.42214	15.211092	14.938237	10.384435	12.420043	11.517624	11.97416	6.875402	8.792676	8.093519	12.345549	6.642049	21.117562	23.746316	19.4499	12.523712	13.210667	11.722604	14.912767	17.652557	15.378863
Niben261Chr10g0271029.1	Glucan endo-1,3-beta-glucosidase btgC	53.13555	42.61278	44.706293	34.124162	32.413796	30.157331	22.844552	21.833812	37.460079	46.320779	33.015402	51.940721	48.045863	41.665367	29.349142	38.972923	54.09021	58.666505	33.575929	34.779638	33.850986	39.476583	38.914732	43.953813	56.148649	66.795956	57.384554	74.623544	42.593119	39.327147	29.299379	32.367139	31.807483	51.477532	37.244429	52.340669	58.649061	51.523346	33.426692	58.093598	68.738498	70.112893	61.699637	57.132113	45.91721	54.643731	57.962197	60.694902
Niben261Chr10g0312008.1	protein TSS-like	9.617726	8.393551	7.326865	5.75542	10.057145	6.375439	4.748935	5.537058	7.472937	5.050196	4.318037	6.047038	6.336401	6.145712	5.985731	12.021463	17.039201	13.939233	8.056089	10.387007	8.560183	13.934485	13.403813	12.960384	9.950468	10.262077	11.784815	11.036319	12.984723	10.022374	6.027271	9.188216	6.574817	8.088858	5.11025	5.950933	8.517416	9.845267	4.814586	13.328078	18.065237	15.280271	10.046633	9.612111	10.691724	11.409365	14.143857	12.842814
Niben261Chr10g0372005.1	GDP-mannose-3',5'-epimerase	49.135189	26.838223	14.367207	18.742698	26.560823	12.54972	8.75008	19.56418	45.737297	32.806583	16.946129	36.383427	29.679867	35.358535	25.57711	46.336201	49.971989	89.165217	18.290847	23.507854	49.521568	60.28473	49.247676	74.04429	31.661609	46.932804	60.43144	51.882425	32.920564	45.209419	59.391777	46.659221	61.821806	75.914283	33.257331	7.993056	61.092824	53.791923	23.664223	42.367538	79.050603	93.336938	15.757106	40.258727	27.270754	55.021883	56.932586	55.151297
Niben261Chr10g0372009.1	GDP-mannose-3',5'-epimerase	3.591892	3.887861	2.315772	2.442947	1.609011	1.650766	1.188603	1.19799	3.039516	1.1306	1.329163	2.906184	3.26229	2.368474	3.224044	4.314348	5.579717	5.262294	1.891453	3.126873	2.458614	3.660133	4.621987	4.985553	4.601163	4.849814	3.588412	2.666797	2.853316	2.085869	2.487235	2.393116	4.778746	5.063687	1.839796	2.565369	4.591904	4.636013	2.370903	6.238893	6.242851	4.932382	0.616942	1.892081	1.393387	2.376356	4.228186	1.630125
Niben261Chr10g0526002.1	Chr5:9304105-9304509 FORWARD LENGTH=134	5.469511	3.18668	2.047096	1.631993	1.892245	1.430507	0.831164	0.896008	2.389504	1.699786	2.414551	2.448025	4.421127	2.87887	3.462111	4.824658	8.306906	5.516475	3.800638	5.582486	6.848497	6.871684	7.297682	6.636367	4.962397	3.695541	4.696641	1.739391	3.57383	2.530635	2.929283	1.964238	3.477084	4.424958	3.462849	2.847205	3.894228	5.109656	3.708949	9.256263	8.635304	7.136056	1.796107	2.699398	1.726953	5.29182	5.830484	4.802217
Niben261Chr10g0533011.1	ENDO3c domain-containing protein	3.07161	3.684068	3.999484	3.010713	3.679672	3.702962	2.89391	2.556644	3.185325	3.059766	3.029928	3.841102	4.901208	4.531619	3.569033	5.148214	5.814031	5.096987	5.553283	5.962488	4.530301	6.330085	6.521523	6.894166	4.257093	4.403567	4.658384	4.111448	4.936596	4.054728	3.099742	3.638034	3.382328	3.421621	3.497702	3.634894	4.149144	4.46807	4.303022	5.260214	6.38039	5.228465	3.784226	4.749525	4.79781	4.646558	5.669844	5.598618
Niben261Chr10g0747006.1	Dimer_Tnp_hAT domain-containing protein	22.162327	12.570919	5.488502	6.603096	11.533001	9.289851	9.298641	11.715426	26.376873	13.849936	5.398996	11.021553	10.852192	5.926597	15.912318	29.937297	21.084127	36.07222	9.09065	9.396344	16.192728	29.645066	25.754676	28.109881	39.911409	26.131874	34.569935	4.997533	21.796461	17.651867	16.443373	21.515602	13.223468	42.850344	9.447052	12.189347	8.818318	33.750168	15.736298	63.147347	43.942584	46.455079	11.569392	10.641917	15.856006	16.445395	37.396722	17.264922
Niben261Chr10g0806008.1	BLOC-1-related complex subunit like	8.156224	5.724062	7.364658	4.996831	3.476162	3.613436	3.689993	4.450383	5.054814	4.42374	2.587503	6.172648	6.120896	4.847985	5.467514	8.70778	8.0844	7.875486	4.455226	6.381131	4.447909	8.547324	9.107751	9.794879	9.116274	8.405429	9.946196	5.192522	8.748795	4.789824	4.185452	5.08883	5.252079	4.215	1.897297	5.753573	5.470709	8.492856	3.510032	11.311619	11.02749	11.321838	4.811903	6.715289	8.045202	6.360975	8.693033	5.881367
Niben261Chr10g0852002.1	16S rRNA m5C967 methyltransferase	2.035312	2.833443	2.142987	2.300725	2.908177	1.885593	2.19378	2.331051	3.098857	2.767504	1.965718	3.327256	2.622944	2.817825	2.373729	4.213255	5.933926	4.509913	3.131986	4.184271	3.44317	5.327879	5.854377	5.910548	2.867833	3.437958	3.125248	3.034276	4.26036	3.553036	2.397844	2.741176	3.235079	3.812152	3.051932	3.046613	2.309213	3.452117	1.961008	5.460329	5.904364	5.155423	3.064287	4.368935	4.251665	4.649723	5.150374	5.347458
Niben261Chr10g0859003.1	SufE-like protein 1, chloroplastic/mitochondrial	5.627023	4.519334	3.426397	2.449884	4.719038	3.419158	2.408043	1.917828	2.292917	3.280888	2.491598	2.973181	3.395699	3.113803	2.747381	3.708663	6.532607	5.851206	4.811449	6.464004	5.436957	6.681101	6.273497	6.111374	5.636051	6.094055	4.111463	4.473377	4.855581	3.714724	3.20413	2.550611	2.762195	4.566451	3.452551	2.633659	3.672694	3.969472	2.783926	6.406416	9.582524	7.878584	3.966694	5.71503	5.304984	5.03347	5.071213	4.505017
Niben261Chr10g1023001.1	RAP domain-containing protein	7.925962	8.047932	7.673754	4.762449	7.181045	4.956451	4.100961	4.440236	5.735784	4.930061	1.717306	4.331716	2.933476	4.259832	4.147935	8.662527	9.684957	11.205147	4.440818	8.168852	5.732444	7.708165	9.257938	9.047312	8.2621	8.264292	8.643016	6.036468	8.801296	6.684143	4.300015	5.634356	4.242163	4.780235	3.37121	3.706075	3.52544	8.355523	2.797045	9.676007	11.538183	11.153671	4.609505	8.174708	6.182862	4.874591	6.787292	6.102838
Niben261Chr10g1050001.1	Peroxin-14	9.986162	9.061809	9.848171	7.385387	9.697783	7.079256	6.995981	7.356099	9.154781	9.346381	7.364633	8.494144	9.95441	8.981504	10.195577	11.918316	13.239374	11.703693	9.266242	12.275842	9.342455	13.182485	12.371658	12.48889	9.713881	8.137102	9.577227	10.28634	12.2608	8.902048	8.650049	10.678522	9.04558	13.753302	10.029383	10.67869	9.768448	15.499858	9.609622	14.815521	16.503254	13.890758	10.147144	10.444742	12.48724	10.312415	10.740225	10.511817
Niben261Chr11g0252014.1	transcription factor ILR3-like	7.73595	4.481911	7.688617	4.078459	5.49866	3.315126	3.453839	3.24595	2.776771	5.976666	3.666082	4.51092	5.407044	5.521352	5.00908	9.415493	8.345187	8.976957	6.039623	9.279	6.235644	10.982604	14.175579	11.639964	7.498499	6.412624	6.255302	4.586942	7.925177	5.662388	3.433246	3.187621	4.001196	8.800895	4.893632	5.824663	3.954015	9.44976	4.418899	10.291293	10.200955	8.605692	6.028285	8.952147	8.142254	4.886614	7.130691	6.55872
Niben261Chr11g0438003.1	Thioredoxin	24.63512	19.661509	18.62384	13.902858	20.088265	16.169078	16.50346	14.346689	23.499963	13.074026	10.976645	18.44251	17.34351	17.326386	20.049362	33.653386	37.035102	43.526885	21.72174	24.590616	25.396235	41.783642	38.744754	43.742964	24.67927	23.054935	21.186682	19.823248	26.467701	23.39245	19.700265	22.727522	23.93332	35.469435	17.777298	20.345963	21.337237	35.015841	15.178092	59.818211	46.628932	52.373713	23.792524	28.984899	26.723124	28.670952	39.69488	30.426866
Niben261Chr11g0595007.1	Mitogen-activated protein kinase	2.276703	1.95129	2.452353	2.511198	4.853803	2.260671	3.359334	3.813682	6.65754	2.888327	2.89233	3.926248	4.592932	3.30435	2.63768	6.669606	9.475068	6.505821	2.572617	3.422789	3.016831	14.862454	15.134904	9.34707	2.515733	2.843518	3.878813	5.730487	8.603434	4.63511	4.912547	5.743615	4.892909	5.092235	2.712738	5.430485	7.141984	7.574767	3.241283	10.744599	11.384978	9.954005	3.959623	4.643594	6.22734	8.27953	10.570997	8.391831
Niben261Chr11g0605014.1	lon protease 2-like	112.959806	83.10455	81.473078	38.779832	55.264425	40.45593	36.953983	36.731426	56.390585	41.824374	20.994283	37.743074	43.351957	34.644102	41.487188	83.490142	101.959173	89.726861	57.312476	81.532447	73.145528	101.865229	87.958124	76.936737	154.231283	129.665228	115.774524	95.030683	97.747251	71.929356	51.931609	62.681151	57.349016	88.672221	35.091919	49.920683	64.557684	100.829871	46.66576	146.462621	157.166366	150.262634	87.342375	100.175206	97.524554	78.425707	107.798921	84.527063
Niben261Chr11g1134005.1	protein COFACTOR ASSEMBLY OF COMPLEX C SUBUNIT B CCB3, chloroplastic-like	20.077109	18.12608	12.587472	10.876086	19.877993	12.758467	10.976219	11.827962	19.319482	19.102923	16.03496	15.074712	18.042759	15.960221	15.431632	19.617568	27.449061	27.587803	14.971349	18.782815	22.688474	32.637473	28.561526	32.303013	26.837892	23.626954	26.413712	20.139317	25.353336	19.981013	16.652772	17.799182	16.300179	27.6323	13.406297	17.429824	24.879518	26.997933	16.692181	36.414894	42.374652	37.801203	24.548782	25.444904	23.258376	28.550141	31.057463	31.635749
Niben261Chr11g1382013.1	ATP-dependent 6-phosphofructokinase	2.672958	3.726193	2.26949	2.462839	3.620659	4.028306	1.820975	2.521938	3.301429	1.552601	1.545918	2.864924	3.477659	2.600014	2.843877	5.452665	6.509565	4.55518	4.266672	3.83531	4.376159	5.678069	5.152217	7.343304	3.6336	5.05166	4.059935	3.901025	4.46971	5.299452	3.767729	3.733929	3.133528	5.749022	2.84601	1.913372	3.409902	4.575423	2.386606	8.238191	8.000219	6.72266	2.766406	5.075479	5.275604	4.513194	6.733331	3.689998
Niben261Chr12g0047007.1	DnaJ homolog subfamily C member 25	34.011378	25.054602	37.444589	55.142263	37.50084	31.312838	34.159455	44.829767	32.217338	36.827511	32.358926	25.988714	26.791448	19.290781	23.443168	12.251046	9.012113	10.454716	49.479473	46.883703	48.208225	9.209179	10.5324	10.642171	23.780299	14.150368	54.550305	26.807281	46.099082	37.819958	25.008276	38.068542	16.568393	19.767222	45.267985	21.876792	28.243467	19.238983	26.811096	7.190561	7.044263	13.041109	46.536828	48.838066	48.216643	15.409568	13.136245	13.261556
Niben261Chr12g0227005.1	RNA polymerase sigma factor	5.756553	5.767005	6.068488	3.96905	4.714675	3.434249	3.89768	3.546807	5.291917	4.033252	3.117703	5.054125	4.350341	4.987484	4.766296	8.122559	12.974511	11.496932	4.980531	6.246597	5.201989	9.295849	9.70057	10.133382	7.252647	6.616047	7.359669	4.580283	6.779042	5.854439	3.904647	4.924231	4.424928	6.317705	3.472725	4.190715	5.815268	9.525182	4.289493	12.950085	14.890514	12.971699	4.006856	5.183862	5.412618	6.291752	8.598521	7.277098
Niben261Chr12g0483016.1	Lipoyl(octanoyl) transferase	22.051036	23.921915	19.120869	21.418392	22.752059	17.672395	14.68879	13.274676	17.52996	18.835987	17.932941	25.318842	22.616732	20.43712	20.866737	29.182418	29.768724	29.575124	23.309959	28.026212	32.627845	28.951928	33.08168	35.102133	24.12661	22.606549	22.415282	20.352306	23.372553	23.391058	17.904217	16.623297	19.21481	23.79047	18.342885	20.582978	21.70192	23.887984	18.076966	31.44616	28.868093	34.355802	24.495484	25.018137	25.325309	22.058359	22.318547	23.459259
Niben261Chr12g0501005.1	Protein phosphatase	16.205583	15.743022	12.670313	8.366931	12.735855	10.630132	7.717275	7.166658	11.246534	8.554171	6.896597	9.374056	9.64018	9.924414	8.750469	16.803923	21.156369	21.402975	8.94152	11.056707	9.008577	12.730543	14.832302	14.624183	17.761359	18.283265	14.026845	10.693348	17.160326	14.697334	10.340686	13.264653	14.009932	13.919431	7.932879	11.00869	10.142895	18.356287	6.809219	20.295289	27.643486	22.545182	11.404247	13.050536	11.668337	13.47703	14.639173	14.117754
Niben261Chr12g0575007.1	D-amino-acid transaminase, chloroplastic	4.292473	4.168177	3.625919	1.778872	4.265723	3.118505	2.434791	2.84856	3.847645	2.491316	2.960843	3.453156	4.871409	4.363738	4.071625	9.549014	11.884068	11.57039	5.415095	8.975241	6.955894	11.410754	14.723425	13.029825	5.409013	5.610624	5.439298	4.917584	6.81708	5.360057	2.793804	5.02316	2.716182	5.895028	2.880543	4.344835	5.930108	7.906737	3.353648	14.201824	15.755676	13.435247	6.362711	7.355861	7.882461	10.841862	10.638099	10.528315
Niben261Chr12g0813009.1	Glycosyltransferase	10.732217	8.248637	4.943444	4.299303	5.962343	3.996346	4.329129	3.884346	6.7886	7.76681	5.03049	10.582295	9.684294	10.939269	8.317361	19.718686	25.763317	23.935953	10.324602	12.582176	15.054325	20.498634	17.596276	24.816336	12.816554	9.765794	8.487754	6.465291	11.105147	8.888902	5.5789	8.442166	6.541712	16.761789	5.83375	9.275308	11.150306	19.839317	7.312145	29.955844	35.235029	29.61173	9.482621	13.516633	12.838117	17.818196	21.893884	20.588733
Niben261Chr12g1177012.1	Chr4:11424781-11425590 FORWARD LENGTH=154	83.755534	65.233662	44.218524	26.821128	29.497627	32.563653	25.963734	26.202778	41.869306	20.335241	14.041939	32.73224	28.617771	30.375146	33.910019	89.448166	102.139488	122.436808	30.023715	47.739321	69.241698	71.36181	65.4789	91.834198	92.948674	71.580175	68.674059	26.011319	51.514083	58.103596	27.689267	36.152292	25.883076	71.563809	21.803945	33.305354	19.487902	93.171443	21.513546	151.660868	144.481085	122.236603	36.11107	58.30865	51.076738	47.416049	95.025144	54.549353
Niben261Chr13g0073003.1	Lycopene beta cyclase, chloroplastic	27.748626	19.589729	20.968848	16.236094	20.531197	14.528548	12.291673	13.874184	19.161456	14.195178	12.602685	17.46245	17.223357	15.46445	15.312282	22.48724	24.4145	28.415005	15.019691	20.817221	19.714211	24.695629	25.588706	26.644875	28.451967	26.820589	23.390435	15.169003	27.844246	20.633403	18.12067	17.849493	18.63251	25.961561	14.839908	19.963156	19.608438	29.368436	14.95904	31.718414	32.889306	33.380723	18.944777	27.944051	27.942732	24.449271	27.829896	24.951112
Niben261Chr13g0263006.1	Cysteine synthase	106.831017	101.939106	129.876217	96.301965	89.712168	94.413763	79.316017	71.866522	82.473154	97.503922	84.991628	100.937003	82.157268	77.039079	82.752787	106.219911	95.742847	116.298188	94.149851	94.158998	88.864058	102.741199	110.602086	117.367917	96.242116	91.340444	92.532579	90.028624	103.141375	91.782263	76.849333	81.782456	78.447847	133.671782	99.989454	94.184075	85.549853	128.116688	96.776342	112.784686	107.162634	113.954229	94.395597	112.321261	121.189879	87.040575	88.769824	95.79327
Niben261Chr13g0331004.1	photosystem II D1 precursor processing protein PSB27-H2, chloroplastic	33.745854	27.962612	24.734135	14.188257	19.281102	16.18092	10.897264	11.158778	23.007688	12.23525	9.310828	15.400008	15.813054	16.651956	14.427753	36.034016	35.23578	35.582686	21.104297	27.554306	25.608446	27.381392	35.645048	36.39567	39.663004	39.448992	29.379854	22.357738	25.495143	23.538592	13.052812	15.381777	11.441576	28.312313	12.556695	15.224489	13.426659	33.777445	13.522076	45.935818	45.942793	45.529077	24.702832	25.155655	39.068237	20.960194	28.674122	24.690644
Niben261Chr13g0384007.1	E3 ubiquitin-protein ligase miel1	12.119083	10.30574	15.630062	8.662705	8.240771	8.711751	6.719194	9.80756	8.196286	8.589416	8.103605	12.806479	10.187498	11.205678	9.383702	15.055155	14.168416	15.066317	9.038434	11.756191	9.50817	14.597149	15.422742	12.788862	12.494961	9.695338	16.993256	7.032016	8.929538	8.128832	6.773937	10.17986	5.482961	9.495433	7.259186	9.945781	11.318261	11.202145	7.774264	13.435163	14.164434	13.888619	7.395018	12.579083	8.5969	10.386886	11.157686	11.242999
Niben261Chr13g0571002.1	Chlorophyllase	7.458385	5.291537	5.787316	1.845501	5.749862	2.899958	2.517304	3.817976	3.274741	5.292625	3.560688	4.670665	5.480804	4.302665	4.41826	7.427395	12.59252	12.219847	7.902389	7.133147	6.869755	11.685258	10.487146	10.709398	6.802199	6.344293	7.438119	4.919027	7.293497	5.578972	3.6269	5.696013	4.255699	8.461214	3.046502	4.853159	3.678362	9.390512	3.70242	8.704915	11.997652	9.92696	7.285209	8.294762	7.28609	8.026744	10.967934	9.731725
Niben261Chr13g0927012.1	TLDc domain-containing protein	8.434644	3.871939	3.037782	2.703914	3.014539	2.632178	2.039158	3.768421	6.700017	2.085107	0.846257	4.239478	2.425346	2.017986	3.832933	6.763829	6.863434	8.907442	2.13129	3.1305	4.655083	12.192534	14.854385	14.551967	13.597628	7.153902	10.013712	2.13369	6.498247	5.160394	3.19325	7.519771	3.57487	7.926667	2.045616	2.794106	2.569145	7.291282	1.063546	8.32299	8.026861	8.981084	1.731136	4.020888	2.421066	3.846763	7.996413	4.590251
Niben261Chr13g1005006.1	Chr2:16309981-16312475 REVERSE LENGTH=351	5.035381	5.691961	4.441988	3.751055	5.380709	4.972343	3.291105	3.10545	6.50413	6.360426	3.345919	4.612992	4.626762	4.099159	4.216777	4.63293	7.061458	5.597313	4.119152	4.656214	4.014468	6.978046	6.529218	8.305728	4.8785	7.504913	6.98081	7.196331	7.645411	6.449783	4.51711	5.050456	5.072006	6.852391	5.209823	4.746119	4.784158	5.480771	4.120226	6.140112	7.625671	8.627195	5.696804	5.614328	5.117895	6.641798	8.297291	5.576129
Niben261Chr13g1056008.1	6-phosphofructo-2-kinase/fructose-2, 6-bisphosphatase-like	10.481419	8.080357	9.302013	5.393295	6.291961	5.838168	3.800126	5.22756	8.335371	6.651079	5.384275	6.672686	5.413306	5.612167	4.906618	9.715184	11.566974	11.816041	6.603458	9.144588	7.893411	9.516867	8.801914	10.156898	13.615539	12.103276	12.471198	7.074389	8.984351	8.414689	5.331573	8.035497	6.814107	12.30142	5.950543	6.452883	4.574843	11.834371	5.239521	13.591207	15.143714	13.792992	8.866836	10.67603	10.802122	7.168737	10.665759	7.910525
Niben261Chr13g1084010.1	CAP-Gly domain-containing linker protein 1	7.981131	8.631924	4.474258	4.087215	4.652444	4.363747	3.816256	3.769588	6.312262	5.452458	4.55602	5.778506	6.214357	5.930091	6.074229	10.668844	14.703998	12.80628	3.770122	4.049584	3.419878	13.776577	14.617392	19.7572	8.682569	10.537162	5.366493	6.12651	6.701317	5.874768	3.377775	4.998784	3.87823	9.92658	5.18139	5.193315	7.290393	10.881028	6.468237	18.427531	21.064085	16.566072	5.930886	6.366873	5.756842	12.006826	17.666255	14.882515
Niben261Chr13g1096002.1	Zinc finger ccch domain-containing protein 56	2.46611	3.74475	1.879928	1.917776	1.684202	1.075151	1.1639	0.843972	1.817281	2.181489	2.846949	5.011319	5.18623	4.595305	3.461162	5.813453	7.624373	7.48905	3.846013	4.165096	5.355548	6.986851	6.003423	5.87793	4.260888	4.282452	3.177825	1.605304	3.174148	2.346439	1.805662	1.561134	1.205974	3.83614	2.719212	3.903002	5.44429	5.914476	3.467599	6.388609	7.110692	6.490967	2.976491	4.026271	4.051635	4.416993	6.125354	5.915567
Niben261Chr13g1129009.1	Peroxin-14	11.899062	9.632793	9.547067	7.633025	10.773987	7.117851	7.308787	7.641238	9.969047	13.506804	11.497642	12.251054	13.548163	11.711195	13.191421	14.888852	20.131126	16.632473	13.396041	16.577323	13.829457	16.101692	16.85404	17.805636	13.022675	10.194238	10.089044	11.827755	13.158713	10.002087	10.120744	12.16936	10.639014	16.04715	12.723704	12.861148	13.1596	16.844345	12.117955	22.969444	22.61053	20.943625	11.747267	12.671558	12.956004	14.92042	16.535668	16.146683
Niben261Chr13g1318001.1	IENR2 domain-containing protein	6.015724	4.592106	4.879423	2.814244	3.871048	3.449973	2.44212	2.229752	5.109002	3.911838	2.878339	3.704402	3.069659	3.631065	3.435002	6.759823	7.927846	5.855764	2.817692	3.34241	4.188349	6.954021	5.835096	7.416386	6.928958	7.825036	5.641344	6.37142	5.076948	5.510512	3.356162	3.786686	4.21526	4.715342	3.152633	3.597271	4.064568	5.179855	2.728344	8.835752	7.867682	7.696881	5.178266	4.826852	4.691304	4.259494	7.477069	6.728985
Niben261Chr14g0098004.1	GATA transcription factor 16	4.755208	4.108495	0.825907	1.307727	1.684873	1.094778	0.828125	0.997759	2.629808	3.251002	1.774296	5.885875	5.767435	8.713917	8.471156	19.385847	22.664916	18.302841	5.062086	7.575324	9.676615	21.331255	24.046675	35.346815	6.12903	4.575882	1.923725	1.537391	5.125106	3.096374	1.606227	1.536075	1.987876	9.612383	2.659332	3.220083	6.871273	12.152446	4.636371	22.819981	19.71079	16.418591	1.387239	2.971156	3.39495	7.172284	15.189799	9.271226
Niben261Chr14g0134016.1	Ras-related protein raba1f	14.986428	15.796087	18.879285	23.24762	23.560776	19.8791	20.24794	22.052165	17.405981	20.395515	20.276219	23.407479	14.856497	21.396935	18.413	18.20362	16.091493	16.642192	22.156285	21.340612	17.293075	14.423613	14.023584	17.766042	13.325004	13.649831	15.264673	18.565637	21.492449	21.736106	27.042406	21.302664	26.09598	18.170118	17.311904	18.110398	14.581756	15.106927	19.694855	13.445448	14.627304	12.860724	21.939467	19.344864	20.202705	16.292439	16.334884	16.982698
Niben261Chr14g0198005.1	DEAD-box ATP-dependent RNA helicase 53-like	5.734539	5.637718	4.360714	3.333322	3.804048	3.295888	3.179028	3.424987	5.588149	3.067979	3.934941	3.569201	3.823422	3.758126	3.71372	6.231714	8.370995	8.995979	2.716342	2.591444	3.15574	7.437345	7.250428	8.573362	7.509257	9.406099	6.139366	5.195847	5.881161	5.953233	3.612236	4.100182	3.224041	5.651771	3.31688	3.720159	4.366736	5.868593	3.596052	10.15896	10.546543	9.47089	4.303466	4.636053	4.763047	6.098151	7.811072	6.312787
Niben261Chr14g0603013.1	R3H domain-containing protein 1-like	8.074136	10.369448	8.237654	8.580394	11.791303	8.79695	8.068452	7.823724	9.958815	11.063605	9.196731	9.751816	11.441089	9.479603	7.904403	10.944399	12.320906	10.566547	9.136744	11.03176	9.638419	13.982495	13.110401	12.006848	13.903685	16.414124	15.054336	18.43408	14.443031	11.896906	9.058908	8.10611	8.756706	11.805812	11.493954	9.359974	12.611081	10.96107	10.123146	14.032685	12.269046	15.171515	10.259324	12.11289	10.262875	14.79441	14.668716	15.296411
Niben261Chr14g0622002.1	Galactose-binding like domain containing protein	12.594566	11.868739	9.528098	6.886392	11.235599	10.36823	4.972469	7.788213	8.01142	10.146534	6.775633	10.178644	9.231973	8.741545	7.650048	11.207823	12.754048	13.78888	8.365409	9.459172	12.327485	14.908405	16.076039	16.926516	10.157609	13.686417	12.337446	10.451545	15.084054	15.207963	9.029885	11.908566	9.600682	9.155078	7.103892	10.215939	7.277707	12.267049	6.119647	13.487411	14.390641	13.359322	9.319927	11.049321	9.188189	12.140724	12.649911	11.164725
Niben261Chr14g0623002.1	Ribonuclease z, chloroplastic	12.190413	8.267391	12.269148	6.793602	10.499744	7.125534	6.488843	5.704855	9.703913	7.829038	5.516034	7.168945	6.956734	6.069421	6.06458	9.764205	10.970287	12.729098	7.587732	9.102337	9.344571	13.367646	12.768606	15.760179	12.002058	15.401679	13.839414	11.301469	13.16857	13.021149	6.461144	10.069864	7.459499	13.972984	6.998804	7.268877	7.677639	11.493208	7.966157	15.614854	15.303304	12.817006	12.909976	16.255265	15.521674	14.571692	18.185754	14.810206
Niben261Chr14g0745001.1	Chaperone protein DNAj	10.707847	9.419769	8.045319	6.318144	7.119055	5.409257	4.584916	5.690127	6.290851	9.488834	5.745649	8.968337	8.731772	6.052198	5.103575	7.600784	10.890353	10.568627	6.433125	10.145004	10.617018	11.431082	11.143964	10.126711	12.278231	12.292378	11.646011	9.952809	9.303421	6.807322	6.406226	6.302032	7.979212	9.966315	7.331541	7.140829	9.168976	9.92218	5.103631	13.992386	12.287557	12.735291	9.885919	10.340614	10.081832	9.873593	11.106809	10.347824
Niben261Chr14g0781009.1	Folylpolyglutamate synthase	4.46049	3.819495	4.421138	3.553083	4.446257	2.997394	2.081998	3.173988	4.13598	4.907097	3.411528	4.619306	3.529845	5.180705	3.824698	6.176641	6.042906	6.077087	3.959493	4.474335	4.354347	5.039909	5.954131	5.561089	5.634995	5.337016	4.636438	4.729967	5.640267	5.029705	3.893033	4.780877	4.10383	5.760341	3.76166	3.231851	3.174571	6.551435	3.203747	5.489367	6.799675	5.693874	3.622017	5.257814	4.5472	3.998643	4.890139	4.418699
Niben261Chr14g1124011.1	Rhomboid family protein	5.650964	4.828852	3.965642	4.981761	5.509605	6.743212	4.29369	4.32009	4.039817	4.390442	5.457057	4.612142	3.674099	5.39106	5.365451	5.378248	6.666756	8.117451	4.880359	5.57543	5.574793	5.990334	6.307321	6.768626	6.758353	6.090846	6.571031	6.065199	5.653976	5.823404	3.530874	4.292966	3.831934	3.555812	3.860182	4.559576	4.496764	5.090629	3.657813	4.677722	8.049	6.451198	5.567082	6.710915	5.464251	7.391086	7.07155	8.682682
Niben261Chr14g1321008.1	Chr2:18919402-18921043 FORWARD LENGTH=268	26.930839	21.998645	23.077837	20.324168	22.71327	20.467159	17.25441	16.830959	23.604884	24.582127	22.462508	27.011255	21.122835	21.322776	20.782336	25.26608	26.982026	28.10971	20.017198	24.738269	23.230772	28.748654	28.948803	29.989029	27.916427	29.252027	24.061912	21.807485	29.289118	24.630701	20.601622	22.591376	23.472739	32.412	22.462195	26.079706	22.051189	29.595464	19.504335	34.324593	34.832473	34.735302	23.335967	25.520494	28.02705	24.970472	26.837981	24.896974
Niben261Chr15g0037002.1	Chaperone protein DNAj	11.115802	8.396099	6.651981	3.943868	6.596858	5.115308	2.493004	4.087496	4.577877	6.07798	4.282117	6.411763	8.379914	5.415091	6.006784	9.942747	13.529536	10.103759	8.529307	10.22323	10.859692	13.635099	11.783631	13.13476	11.750758	12.407423	8.80649	8.609681	9.611221	6.433495	5.605438	6.299686	5.698433	5.311245	4.459625	5.39962	8.163091	9.250607	4.634262	15.867728	17.808307	14.764269	10.007134	7.857996	8.276015	10.547178	11.074421	10.615918
Niben261Chr15g0064008.1	PAP_fibrillin domain-containing protein	20.546438	15.70478	10.616212	12.366489	14.857607	12.072066	11.755648	9.612539	17.860774	17.309583	13.774011	19.443689	16.602339	13.165353	14.294842	21.548851	26.854753	28.371933	17.692974	21.335783	24.342792	36.608362	28.688613	36.453795	24.075979	20.309951	17.713976	14.596741	18.238974	16.399372	10.802647	13.449042	8.917699	28.093638	12.304433	16.859592	15.119561	23.814333	8.456846	31.344154	27.471362	28.933127	16.512225	24.307428	23.936822	28.903254	29.448026	30.62603
Niben261Chr15g0206012.1	Microtubule-associated protein RP/EB family member 1 like	11.923535	7.8086	11.83775	6.67547	9.375215	6.685748	4.082126	7.129285	8.672688	11.445142	8.224565	11.589608	11.328858	9.578102	10.97006	17.379399	20.399009	17.055784	12.455612	13.561329	17.228628	24.903612	20.010696	18.763466	13.293822	15.055341	14.385739	10.471741	13.022661	10.497051	7.01287	9.766724	7.491904	12.307273	8.084925	12.269467	12.194102	16.653066	7.692344	23.718589	24.625679	22.919677	9.390405	13.043822	13.543277	19.127583	17.992557	15.769648
Niben261Chr15g0425004.1	Chr4:17473719-17476716 FORWARD LENGTH=610	3.816127	3.010348	2.271176	2.481923	3.26836	2.028585	2.038399	2.477414	3.306107	3.109988	2.480694	3.072575	2.544597	2.269406	2.837354	3.993584	4.088383	4.373054	3.207968	4.230448	4.03977	5.885385	5.955775	7.075186	4.917278	4.165147	3.477408	3.521767	4.832063	3.393905	3.417396	4.423821	3.429067	5.781334	3.377167	2.926113	2.496875	6.223077	2.835163	7.444177	5.283025	5.694022	3.775862	5.827882	4.606146	4.119901	5.448038	4.928445
Niben261Chr15g0609001.1	Nad(P)h-quinone oxidoreductase subunit k, chloroplastic	8.870741	7.537139	5.836092	4.887651	4.359293	2.265694	4.212579	4.288938	2.201945	4.307503	5.353969	5.108888	9.742413	1.367901	4.155863	8.365419	5.638634	8.896075	5.228456	6.130291	5.259116	10.339468	15.292604	15.523857	8.002548	9.365036	6.942814	6.611802	8.490563	11.368489	4.948818	6.892148	4.112003	9.34457	5.080471	5.05066	5.22452	4.162052	3.417822	11.218425	8.087236	9.041899	5.689495	6.840666	7.111566	11.920211	12.848078	12.722672
Niben261Chr15g0786006.1	Chr1:271002-271872 FORWARD LENGTH=224	10.121586	14.891553	14.170052	10.919704	11.016748	10.277971	8.01087	6.440132	10.009017	8.820373	8.089217	14.027064	14.551974	12.524041	13.916561	16.62762	16.948645	17.573553	16.517447	18.77803	17.45645	21.218141	20.196262	23.663911	14.193542	15.789254	9.327633	10.058661	11.769819	8.366754	7.414546	8.049342	8.930163	15.508697	12.519828	14.428001	15.213608	19.443451	16.426192	19.936566	24.343574	21.191958	14.640995	21.327513	18.006424	15.873554	21.67854	17.387201
Niben261Chr15g1263009.1	protein GET1-like isoform X2	12.523042	10.090558	10.595724	8.673017	11.732112	8.928679	12.147065	13.458478	12.963273	10.868183	11.027349	13.503961	14.046233	10.956594	16.865702	19.483051	19.872267	20.969518	15.737613	13.14431	13.142808	19.614531	23.244702	22.588933	14.284849	13.287826	10.486542	13.239778	15.369713	16.670829	13.873638	15.825324	16.656335	17.963518	11.764115	13.176674	15.06502	18.891048	10.060688	27.937411	23.776975	21.33206	12.30434	16.232206	19.454752	13.128269	13.892896	14.621275
Niben261Chr16g0020010.1	Zinc finger family protein, putative isoform 1	6.322225	5.258246	4.670051	1.955631	4.055325	3.12757	2.738354	2.599345	3.579156	2.639115	0.841583	2.883709	3.410839	2.50855	1.70902	5.697421	10.904157	9.067706	1.01847	1.226416	1.315136	6.532095	6.580995	7.721044	8.919175	7.984728	6.795981	5.511442	6.256532	5.598421	2.805085	3.715185	3.642752	6.355906	1.247388	2.742374	4.47116	5.921	1.837579	7.803583	11.848863	9.578693	3.414693	3.67793	2.681295	5.86248	8.096651	5.533155
Niben261Chr16g0108005.1	protein PLASTID MOVEMENT IMPAIRED 2-like	6.825206	5.731276	4.032329	3.684263	3.448304	2.999392	3.177453	2.862924	4.026115	4.774486	4.121048	5.129668	5.518111	6.085659	5.537948	8.102506	9.481319	7.508872	4.549634	6.675263	4.968293	9.00943	8.619836	9.087804	8.101684	5.84546	5.398073	4.268386	4.328466	3.376429	3.584885	2.799918	3.456985	4.807104	4.50838	5.19798	6.364185	6.356465	4.647142	8.985241	8.119008	7.719656	3.377761	4.387479	4.164614	6.199009	8.939351	6.106174
Niben261Chr16g0255003.1	Chr1:9976596-9979080 REVERSE LENGTH=277	5.777988	5.160788	4.753299	2.091741	3.23023	2.355456	1.673919	1.815677	3.305988	2.092011	1.890943	2.319911	3.527574	2.657125	2.528236	6.592495	9.182821	6.883967	3.523441	5.206381	4.687778	5.908215	5.856806	6.779185	7.218224	8.743506	8.186281	3.698262	5.522124	3.86157	1.602651	2.959513	2.749362	4.231189	2.035076	3.185893	4.100978	5.47343	2.112753	9.013654	11.805527	8.92944	4.015195	5.210474	4.251973	4.381874	6.296432	4.836544
Niben261Chr16g0351004.1	transcription factor ILR3-like	39.725747	40.946447	43.822091	29.778921	42.865247	34.383812	29.184177	32.314629	44.409368	25.662992	20.395264	19.578514	27.128237	28.087808	27.85417	46.193836	76.065226	38.946516	27.883538	39.250976	34.635622	52.760452	48.732537	41.766457	36.942123	50.955814	51.191857	38.319973	62.595435	45.126257	46.321553	42.076255	53.682246	46.112027	38.626463	33.971861	43.97769	44.417708	33.232878	94.189417	90.247428	68.248428	34.835603	34.901169	44.537861	60.494336	55.435509	56.665631
Niben261Chr16g0388012.1	ribosome biogenesis protein NSA2 homolog	9.662529	10.128627	11.017585	7.804734	8.520437	7.988251	6.887477	8.260939	10.806015	7.461386	7.717162	11.385052	9.933178	7.619253	10.735334	17.682227	17.808503	15.179041	9.395743	13.48212	11.803363	14.638199	20.252383	22.03046	11.377126	13.11385	14.7245	9.301837	13.470157	12.170049	5.001995	10.634962	6.345962	19.21032	8.501322	11.382743	11.501236	17.685187	8.20926	20.834288	19.894014	18.496739	7.69522	11.359161	11.557635	10.682746	22.017938	14.31258
Niben261Chr16g0436006.1	Crm-domain containing factor cfm2, chloroplastic	3.793941	3.478259	3.034688	2.652714	3.393688	2.162841	1.865447	2.002523	3.62078	2.985971	2.019809	2.730454	2.504368	2.174459	2.271598	2.591689	4.325808	3.383362	2.478468	3.000887	2.818088	4.264005	4.132561	4.783391	3.965366	5.521054	4.298379	6.272864	4.813297	4.0806	2.363222	2.85508	2.94417	3.731014	2.674204	2.274304	3.648242	3.480018	2.775792	5.002111	6.547368	4.905975	4.136617	4.34272	4.356866	6.021416	6.735662	5.982507
Niben261Chr16g0550004.1	Chr1:23933541-23936336 FORWARD LENGTH=559	8.117651	7.531242	6.613672	3.706212	5.082771	4.633463	3.087091	4.574399	7.327577	4.096069	3.418711	4.964463	4.696995	4.636533	4.375302	7.789028	11.135028	9.471572	3.987758	5.516461	5.97965	9.947959	10.851373	9.806043	11.050751	9.26364	8.570191	7.817489	8.250112	7.566023	5.826339	7.502309	7.232155	9.591606	3.826776	6.180028	5.699981	9.518878	4.757915	12.850063	13.69616	13.300111	5.881103	5.716287	5.690718	6.522735	13.196695	8.334482
Niben261Chr16g0869001.1	transcription termination/antitermination protein NusG	12.663442	12.998107	10.296298	7.605337	8.249241	8.47634	5.440393	6.475324	8.501263	9.369212	7.319966	11.310762	9.853672	9.521017	8.637654	12.10707	16.434532	14.834866	8.768718	11.642145	12.068237	11.777315	14.620204	13.037387	13.116904	18.575357	14.50803	11.864582	13.137226	11.063991	6.234242	8.578235	7.155204	9.214157	7.735362	7.681071	9.406732	12.271665	6.830061	13.254268	18.107891	13.811602	8.972023	9.903908	11.244298	12.909792	16.208574	10.948901
Niben261Chr16g1225010.1	Cytochrome c oxidase assembly protein COX19	3.918633	5.293896	4.152732	3.983143	5.357266	3.264444	5.130318	2.779734	7.231648	2.053559	2.6433	5.103186	5.687196	4.444167	6.066099	5.726545	8.442821	7.001205	5.945315	5.842501	5.571624	6.687621	7.83692	10.04777	4.602529	5.480463	5.465137	5.837242	5.180728	5.559427	3.495259	4.705536	4.729748	5.068446	2.969566	5.497384	3.933415	6.271105	6.335535	5.658721	7.055833	8.397339	4.095671	6.703617	5.791567	6.102288	10.070485	4.684716
Niben261Chr16g1233006.1	Transcription factor myb1r1	11.22988	10.642778	12.232386	7.640838	8.409	7.789687	7.557519	8.35091	9.407126	8.516593	5.898618	8.623689	11.987864	8.548503	10.008339	15.07913	16.774087	14.188426	10.613841	12.38736	14.122396	19.343246	18.300207	12.337144	14.176846	15.047378	19.901181	14.473934	12.646193	9.607391	8.297943	9.420269	8.634265	11.008527	7.416713	9.299282	14.763853	15.691876	10.991065	19.568323	19.02105	20.566619	13.720926	12.795586	14.848182	14.67669	22.052141	13.694476
Niben261Chr16g1370003.1	AB hydrolase-1 domain-containing protein	4.738573	4.232176	3.617205	4.304792	4.862615	3.243823	3.949211	2.156128	3.637941	3.352526	3.156798	3.692932	4.919201	5.372219	4.742934	5.383756	7.156093	5.7485	6.00735	6.763709	5.043056	7.377013	6.371418	8.226763	5.091864	5.081676	4.418336	4.445655	5.405358	4.304677	3.872871	4.069494	3.824711	5.495112	3.943986	5.047085	4.786446	5.483858	3.950913	7.182646	7.391047	7.532779	6.134348	6.160651	7.470776	6.848864	6.637178	6.72958
Niben261Chr16g1452007.1	transcriptional regulator ATRX homolog isoform X3	3.599363	2.767241	2.368166	1.733131	1.945707	1.635929	1.281147	0.970511	1.821985	1.988109	1.282396	2.285446	2.222265	1.593266	1.798177	3.878901	5.570453	4.686976	3.453712	4.720345	4.716579	5.042903	6.620386	6.08214	3.675862	4.310402	3.702328	3.355459	2.310653	2.242218	1.212846	1.972813	1.436683	2.806849	1.755246	1.350616	2.456056	3.092491	1.623514	5.736706	5.635939	5.145573	3.257693	3.461058	3.976588	4.200677	4.701176	4.526289
Niben261Chr17g0018030.1	Chr1:5744638-5745072 FORWARD LENGTH=144	7.52804	8.772724	7.6192	2.564358	4.12993	5.66068	1.795639	3.064019	5.018362	3.264686	3.196616	4.286888	2.953563	1.55675	2.453556	6.834877	9.406084	7.866309	3.033645	5.003385	2.192212	7.43012	11.731387	8.673666	11.274542	10.481777	12.965875	4.175964	6.11835	5.854564	2.347795	5.078325	3.116458	5.433798	2.103517	4.656168	6.604468	6.484153	3.404947	11.980879	10.456142	8.2603	5.200593	7.480994	5.59999	7.343985	11.691718	9.439435
Niben261Chr17g0057001.1	AB hydrolase-1 domain-containing protein	6.267249	6.516744	5.157569	6.052584	6.29237	4.563687	4.653307	4.662774	6.828289	6.254335	6.01655	5.761704	4.636714	6.288644	3.678042	7.013442	7.455063	8.56546	5.157187	7.863189	6.624575	7.800717	6.937085	8.957727	7.14939	6.546476	5.470524	6.389909	8.54427	6.109723	5.643345	6.222662	7.114265	7.173638	4.770429	6.607175	4.972086	8.978959	4.522803	10.442292	10.110664	9.17646	7.422729	7.394411	8.000559	9.491419	10.824485	8.499455
Niben261Chr17g0156002.1	O-fucosyltransferase family protein	3.788414	3.136588	3.498121	2.704275	2.790616	2.085956	1.893747	2.105003	2.494486	3.291914	3.190801	3.937164	3.889139	3.050074	2.424574	4.535909	6.570265	5.088497	4.116964	4.714618	4.198843	4.775275	4.78353	5.769046	5.591561	4.266146	5.885528	3.328985	4.600633	4.444961	4.093485	3.387514	4.732246	4.436058	3.488145	3.321422	4.300659	5.455101	3.503146	7.372236	7.117188	6.828776	5.1563	5.504595	4.642991	4.537017	5.7758	5.530434
Niben261Chr17g0189007.1	ATP-dependent Clp protease ATP-binding subunit ClpA homolog, chloroplastic	30.876254	25.98397	28.820709	19.866895	27.445764	23.357584	16.82304	18.232306	19.685557	21.780298	20.533759	23.701668	23.700395	23.181246	21.88531	31.634019	39.361736	36.303356	29.246157	33.51795	29.936086	29.41417	33.84078	33.586622	33.236713	30.00737	33.611987	24.720057	33.855305	28.763432	20.920785	21.874879	20.775373	26.776416	19.041244	20.194548	24.078955	27.691073	22.0183	34.989765	46.742141	34.500956	30.388796	35.364574	35.387062	32.04041	35.064436	32.768462
Niben261Chr17g0340012.1	Chr1:23933541-23936336 FORWARD LENGTH=559	5.419797	4.537655	4.221103	2.416851	4.538417	3.790142	2.029345	3.02085	4.501914	2.843597	1.908534	3.723509	2.977869	3.284011	2.537026	5.985718	9.046108	6.253097	3.100896	3.572609	3.933281	7.355439	7.769091	6.308594	7.143292	7.177569	7.868405	6.003037	7.296111	6.340287	3.474729	4.507807	4.402447	6.137213	3.198595	3.511518	4.187018	5.159041	2.264097	10.969434	10.051146	9.075367	3.096115	4.412757	3.651315	3.63889	6.934782	4.398576
Niben261Chr17g0936001.1	acetate/butyrate--CoA ligase AAE7, peroxisomal-like	13.734325	10.814965	10.264847	9.471673	11.020637	7.511216	7.285918	8.092999	8.090411	11.922154	11.371217	13.802732	16.778303	14.285755	15.858418	22.134601	28.477114	25.44343	21.195373	23.373739	22.884549	27.252283	29.314562	26.247498	13.513616	12.195464	11.778107	8.611168	11.684616	9.239974	14.569866	11.657917	12.491281	19.012128	14.447712	14.814669	15.481832	19.926367	12.23336	21.592656	26.322869	20.509703	17.482891	15.733099	18.060522	19.470654	21.081835	21.362964
Niben261Chr17g1277004.1	ras-related protein RABA5b-like	30.190011	30.238775	29.602709	30.50863	25.139879	23.703647	31.361785	22.384754	36.490208	26.80061	23.108766	34.20803	26.015224	30.688507	29.497888	44.382053	37.303484	49.879751	24.580516	22.517455	21.591715	38.15781	40.42353	56.074128	25.810363	22.823674	20.301067	20.038088	22.59208	27.666884	21.100614	27.071736	26.5501	52.3162	25.711016	31.798336	28.316741	48.08953	30.10898	46.526492	36.440892	43.071997	17.7241	23.341806	26.321316	28.399659	31.984679	25.856016
Niben261Chr17g1337001.1	Chr5:19800269-19802625 REVERSE LENGTH=511	2.756887	2.476277	2.257131	2.617363	3.034752	2.196923	2.683867	2.57178	3.490083	3.748371	2.662287	2.903336	2.301119	3.45766	1.894313	4.39973	5.14037	5.687507	2.565666	3.341424	3.399657	5.073701	5.349552	4.931783	2.984479	3.880675	3.390699	4.246678	3.975692	3.116417	2.563358	3.093958	2.044713	5.421071	2.411457	2.062989	1.731945	4.484135	2.124411	5.515025	6.978342	5.671252	2.40476	3.348405	4.012296	3.272409	3.913121	3.163205
Niben261Chr17g1358005.1	protein LOW PSII ACCUMULATION 1, chloroplastic	10.356177	8.231246	8.57251	5.522576	6.771757	7.622384	4.231753	5.751985	7.511582	7.177613	4.733843	7.09536	6.126514	8.726247	5.583825	11.669751	10.589953	12.070208	7.749096	8.741389	6.483149	10.436563	10.751319	10.537877	9.208264	9.733362	8.697253	8.418423	9.31569	7.984718	5.34448	8.201357	6.18814	10.803662	6.143498	9.209364	5.477943	11.979964	7.087228	11.313932	13.795776	12.395703	9.168826	7.509714	7.525199	9.588196	10.926957	10.516498
Niben261Chr18g0177012.1	H(+)-exporting diphosphatase	8.335407	9.437252	9.516765	10.785001	14.710725	11.053624	10.184697	11.65441	16.072445	7.268627	6.88018	8.241491	8.544088	7.327213	8.219055	11.622813	16.936078	20.174696	7.982672	9.814109	8.033668	14.772208	16.858958	18.346569	9.466922	11.747585	14.537691	15.785851	22.817585	18.446725	13.216652	15.824208	15.842995	16.491777	10.245607	12.446642	12.193057	17.894308	10.998028	17.529791	23.233637	22.039315	8.735714	10.104748	10.191581	12.253545	14.607515	12.049973
Niben261Chr18g0318001.1	protein CHLOROPLAST IMPORT APPARATUS 2-like	30.119229	18.96136	6.337873	4.634375	6.348216	3.910033	3.013524	2.97635	6.445521	3.081476	1.885673	4.851801	5.275456	6.18245	6.586701	15.354359	17.90638	15.359601	2.640938	6.934201	8.705708	20.890906	17.786614	19.81968	35.148894	25.052279	15.107571	6.98602	14.752607	9.919186	6.826524	6.990855	5.430919	7.075914	3.294075	4.701101	7.922548	10.139038	4.867947	23.392832	22.48459	23.408436	3.456634	10.68056	7.610092	8.309089	19.966546	11.006911
Niben261Chr18g0619012.1	Germin-like protein	2.631794	3.896533	2.681893	1.946385	2.518273	3.654498	1.196696	2.138036	3.415069	3.006292	1.897976	3.093955	3.122698	1.979218	3.0548	5.988094	6.914363	5.252734	2.559671	3.615797	3.371368	6.189265	6.545379	7.069634	4.373547	2.67436	5.537746	3.190277	4.506483	5.072625	2.905029	2.929649	3.158352	7.340923	2.005683	3.580908	4.321536	4.971074	3.003794	12.124705	7.673219	9.185103	3.410441	3.890119	4.977444	5.340819	7.970604	7.092085
Niben261Chr18g0646006.1	microtubule-associated protein 70-2-like	4.651387	3.220091	4.10962	3.5962	4.885393	2.99082	2.55301	2.477211	3.63685	3.355972	2.859267	3.873877	4.124954	4.178086	3.842439	5.453071	7.813352	6.254415	5.184659	6.861788	5.118615	9.878864	9.348243	9.229171	5.920121	4.458003	4.749775	6.187849	6.051855	4.827248	3.854129	3.442971	4.08533	3.650607	3.025895	3.382135	5.159752	4.490635	3.327957	6.827296	7.674562	6.018267	4.181312	4.750292	4.822143	4.855352	5.911656	5.137994
Niben261Chr18g0700002.1	Transferase, transferring glycosyl groups	9.374993	8.308071	8.835915	4.752711	7.01352	5.728169	3.285001	4.059016	9.037334	7.336814	5.901596	9.944897	10.076296	7.485612	6.216221	15.001217	15.119679	15.508787	9.125676	11.45759	12.519142	13.668783	13.72065	13.733863	13.419308	10.908631	14.247524	7.055488	11.104703	10.193224	5.957948	7.983248	7.522181	10.022775	8.188962	8.054765	10.292513	13.817525	5.891591	20.845024	25.304049	19.027419	9.527253	13.336007	15.536809	11.741647	13.604786	10.988279
Niben261Chr18g0790005.1	Membrane steroid-binding protein 2	8.242843	8.235492	8.97215	8.72392	8.466728	7.593761	6.561711	7.176619	8.278956	8.32912	8.939387	10.129567	9.209801	8.699164	7.777963	12.000083	11.920653	10.521266	11.042966	11.103997	9.626492	12.252844	13.142334	13.118719	9.922992	10.539352	12.870799	8.049679	11.042366	9.369163	7.690791	8.687144	7.976337	11.831815	9.168838	9.859123	10.97533	11.565091	9.91321	13.979478	13.205193	13.386505	8.263261	10.251174	11.800126	10.884386	12.918589	9.555152
Niben261Chr18g0820001.1	Chr1:10651159-10651452 FORWARD LENGTH=97	85.305902	22.729866	37.359872	12.897666	7.305973	13.992844	16.00789	16.517672	46.613185	18.63938	6.1412	12.621316	45.189404	8.169316	45.184161	53.828865	21.159972	35.639331	10.694799	12.494155	9.405036	60.095306	45.554268	68.513783	118.666071	17.867095	30.217296	16.187761	21.225311	10.19717	17.43084	27.080703	20.29275	84.778485	0	24.91156	15.18807	26.076016	26.221712	53.580949	33.291435	37.762443	2.540007	13.1978	7.326873	14.632723	65.297736	43.891727
Niben261Chr18g0948004.1	RNA polymerase sigma factor	3.800356	4.331924	3.044708	1.734118	3.048875	1.83386	2.169334	1.819462	3.360141	2.075252	2.662796	2.534391	2.538687	2.654624	1.822745	5.053105	8.358941	6.646496	1.581863	2.471108	2.50339	5.601103	6.416463	6.075541	4.861979	5.178429	4.778226	3.490883	3.526051	3.567246	1.591929	2.871305	1.974559	5.255891	1.617497	2.814179	2.656434	5.26653	1.936313	8.239739	8.879152	7.390896	2.08536	2.726401	2.426746	3.972007	7.04279	4.543601
Niben261Chr18g1109009.1	plastidal glycolate/glycerate translocator 1, chloroplastic-like	3.39158	3.252395	1.632445	1.777449	1.754713	1.787534	1.362207	1.618151	3.831675	2.364512	1.336075	2.604593	1.697637	1.475049	1.707956	4.881527	4.818799	4.386231	1.310425	2.014086	2.239774	6.670253	6.604598	6.328072	3.94643	3.943173	3.047898	2.106812	2.769365	2.633806	1.348741	1.566751	1.058546	4.750042	1.322118	2.419585	1.099291	4.051892	0.857241	5.215364	5.844834	5.676198	0.516384	1.725801	1.418613	2.392087	4.085498	2.743761
Niben261Chr18g1280004.1	RNA helicase	14.217178	12.224369	11.297906	9.15584	11.859689	9.04977	7.641014	6.636865	10.708709	10.182696	6.807126	10.436842	9.704765	10.493467	9.234413	16.995604	22.256074	26.139605	11.272454	13.388475	12.047376	19.618262	21.688632	24.036325	17.328322	16.932771	17.878339	13.783524	17.105089	13.731369	7.825976	11.114637	8.818571	13.986573	7.479409	8.741988	10.2712	16.191206	8.586574	21.655207	26.465383	21.715094	11.482141	13.156714	12.966806	19.911734	21.001005	18.421351
Niben261Chr18g1454011.1	F-box/LRR-repeat protein 14 isoform X1	3.742253	3.262374	7.945725	2.514053	2.574768	1.080478	2.164348	3.095438	3.064284	2.398458	2.72365	3.822929	5.248744	4.036509	5.05714	9.116764	11.088627	7.488134	6.827203	7.988949	7.351232	10.56074	12.29156	9.108442	4.625639	4.170087	10.052901	1.751467	3.509713	2.404421	2.097407	3.584541	1.844133	4.386105	3.837199	4.351228	5.474334	6.271729	4.343082	11.682559	10.680284	7.318052	5.007602	8.464708	10.26153	6.825129	7.66548	6.118168
Niben261Chr19g0027003.1	Chr5:22985432-22987977 REVERSE LENGTH=551	8.961247	7.643127	4.58606	3.231465	3.48631	3.069968	2.42915	2.632132	4.969672	2.391867	1.040661	3.000417	2.849366	2.895346	3.136908	5.890049	7.672512	6.552678	3.077632	4.434897	3.447331	6.789576	7.615651	8.804699	11.83909	10.464127	6.831394	3.720303	5.465162	4.497045	2.7168	3.579008	2.863003	6.422118	2.018784	3.034999	3.647407	6.055345	2.145448	11.7455	10.901828	11.135102	2.938493	4.962178	4.399341	4.17655	8.177249	4.947898
Niben261Chr19g0525001.1	Transcription factor bhlh93	7.670801	7.201514	2.45874	4.421955	5.511348	3.657763	4.128961	4.073012	8.442474	3.725356	2.645905	2.793093	3.90185	5.468224	5.005007	8.808954	10.037272	10.698214	5.3409	7.938914	9.756037	23.68946	21.525636	23.122878	12.290426	10.130543	8.153117	6.798303	7.912378	6.406385	3.947125	7.153221	4.199727	8.548973	0.287763	3.827315	4.752691	7.24022	3.94126	11.289628	9.545237	7.514828	3.477318	8.282825	6.434404	9.392933	13.334136	13.012646
Niben261Chr19g0704006.1	Gamma-glutamylcyclotransferase	8.134748	6.161945	3.519044	2.392636	3.432884	2.459101	2.857611	3.088904	4.536404	3.571337	4.919366	4.2541	5.767874	5.315484	3.511328	10.088353	13.68767	9.869684	3.747881	4.359904	5.91946	10.062682	9.435573	9.013881	8.501847	9.136597	5.880861	6.976868	3.972047	4.150034	6.714081	3.708279	6.482437	7.011928	3.06342	3.323222	5.017091	6.782222	3.091316	8.199371	10.422191	11.151982	5.260329	4.984111	5.167745	5.984525	6.175017	6.647769
Niben261Chr19g0767003.1	Protein ApaG like	29.550323	19.01231	24.383083	11.532792	18.910838	14.041763	12.162909	15.783443	24.050908	16.377947	15.957388	22.819682	25.295694	19.843624	27.409177	45.488816	53.548955	56.773885	21.245797	26.338366	29.012374	40.821556	46.123851	41.114159	36.294291	19.860871	41.112641	14.401416	24.407442	17.824783	14.489919	25.69417	14.293898	42.714867	16.816954	22.175836	26.996264	50.892154	21.125097	63.886542	66.110953	58.418377	17.586504	27.619369	29.006162	31.09683	45.280481	32.571508
Niben261Chr19g0961009.1	Protein WVD2-like 7	7.677018	8.560124	7.816521	6.705809	7.372254	5.36677	4.11946	5.547703	7.818956	6.643995	4.320828	8.261737	10.535396	7.159825	8.397358	11.031999	17.710042	14.823134	14.058803	17.814328	13.353706	19.252544	22.057556	20.186042	8.502623	9.827865	12.616623	7.867341	11.122411	8.904824	7.597427	7.935113	8.93125	10.185228	7.568095	8.488454	15.971594	11.345437	9.575659	14.26824	17.773782	16.961581	9.425204	11.644203	13.394829	12.472051	15.364069	14.803864
Niben261Scf02413g0000009.1	N-acetyltransferase domain-containing protein	3.879626	2.387621	2.386203	1.965324	2.121328	1.258989	1.562361	1.626065	3.153091	2.149486	1.77296	2.281424	3.365115	3.017559	3.06392	5.380608	5.869665	6.37329	2.738522	3.625924	3.080875	6.106042	6.81585	6.668215	3.8137	3.958591	3.777504	3.441932	4.088937	2.893776	2.061971	2.901075	3.45102	2.862935	2.185479	1.977959	3.717266	4.782685	2.596643	6.291214	6.426095	6.237231	2.410843	2.730104	2.139018	3.395404	5.332782	5.006769
