Description	pcrtB22h_vs_GFP22h_filtered	pcrtB25h_vs_GFP25h_filtered	pcrtBAA_vs_GFPAA_filtered	pcrtBBB_vs_GFPBB_filtered	pcrtBYY_vs_GFPYY_filtered	pcrtB28h_vs_GFP28h_filtered	pcrtB34h_vs_GFP34h_filtered	pcrtB37h_vs_GFP37h_filtered	pcrtBZZ_vs_GFPZZ_filtered	pcrtBCC_vs_GFPCC_filtered	pcrtB40h_vs_GFP40h_filtered	pcrtBDD_vs_GFPDD_filtered	pcrtB46h_vs_GFP46h_filtered	pcrtB56h_vs_GFP56h_filtered	pcrtBEE_vs_GFPEE_filtered	pcrtB96h_vs_GFP96h_filtered
Niben261Chr01g0141019.1	WRKY domain-containing protein"	NA	NA	NA	NA	NA	1.74962791611523	NA	NA	NA	NA	NA	NA	NA	NA	1.0206128899399	NA
Niben261Chr01g0513006.1	actin-related protein 8-like"	NA	NA	NA	NA	NA	1.42701654145557	NA	NA	NA	NA	NA	NA	NA	NA	NA	NA
Niben261Chr01g0564004.1	Annexin"	NA	NA	NA	4.92508557856882	4.66816886678433	4.43646531950125	2.38963443585632	NA	2.15211285180273	NA	NA	1.81580131232247	NA	NA	NA	NA
Niben261Chr01g0888003.1	S-adenosyl-L-methionine:salicylic acid carboxyl methyltransferase"	NA	3.10638851269738	NA	7.50102858561533	6.92121143402569	6.77975444335341	3.06745985318323	NA	NA	NA	1.8172681808218	2.15812596254211	3.49702617372704	2.63820747788885	3.07390501193035	NA
Niben261Chr01g0967010.1	Peroxisomal nicotinamide adenine dinucleotide carrier"	NA	NA	NA	2.02065025264458	1.67476913531478	1.72659156161418	NA	NA	NA	NA	NA	NA	NA	NA	NA	NA
Niben261Chr01g1081002.1	caffeoylshikimate esterase"	NA	NA	NA	NA	NA	0.926632631447158	NA	NA	NA	NA	NA	NA	NA	NA	NA	NA
Niben261Chr01g1138010.1	Root meristem growth factor 6"	NA	NA	NA	3.31996033609335	1.82687062013374	2.19459572602134	NA	NA	NA	NA	NA	NA	NA	2.46000931225085	NA	NA
Niben261Chr01g1241001.1	Chr4:10574903-10577267 REVERSE LENGTH=185"	NA	NA	NA	NA	NA	1.65540411490464	-1.59279269428226	-1.4838955106681	-1.45988666879367	NA	NA	NA	NA	1.63202725860767	NA	-1.71467757877393
Niben261Chr01g1363012.1	Geranylgeranyl pyrophosphate synthase"	NA	0.733283834556762	NA	1.57477309882479	1.38454050673082	1.61638640147135	1.46130303789284	1.29034202194475	1.16117475563519	1.10608454452658	1.24173645370114	1.15928473790096	1.0438222256222	0.614123555160647	0.786654276848382	NA
Niben261Chr01g1745004.1	leucoanthocyanidin dioxygenase-like"	NA	NA	NA	NA	1.47232325920677	1.60978432670576	NA	NA	NA	NA	NA	NA	1.77463403648722	2.88290218051399	2.48786923762324	NA
Niben261Chr02g0315004.1	Allene oxide synthase"	NA	2.39308573266493	1.52438876156978	4.29038595038558	3.84117475299731	3.82862631470365	3.25666063481557	2.63771548299319	2.58319411734902	2.17431147122666	1.86027247948716	1.64824614720493	1.62273480966801	2.24858687838877	2.09481734259181	NA
Niben261Chr02g1175005.1	Cinnamoyl-CoA reductase"	NA	NA	NA	4.53950863725331	4.10457020790737	5.24808239821503	4.08474661323109	NA	2.28649642575673	NA	2.92667390833178	2.37072679772538	2.25397926134333	3.35691757944719	3.04848568287928	3.90464987436042
Niben261Chr02g1280010.1	isoflavone 2'-hydroxylase-like"	NA	1.57856439960128	NA	3.8312896225512	3.47671464411049	3.53982015731683	1.98403159202789	1.01235349673293	1.36511257948759	0.869220735028932	1.08009277999921	0.97558544179715	0.938476960141814	1.57564635872964	1.46986737169839	NA
Niben261Chr02g1343006.1	4-coumarate--CoA ligase"	NA	1.95806284570645	NA	3.84359410616435	3.53759140205177	3.12907984419146	1.95009560753568	1.04023060085341	1.36911249913147	NA	NA	NA	0.78092520215615	NA	0.677500487439748	-0.825144181334181
Niben261Chr02g1370003.1	outer envelope pore protein 24B. chloroplastic-like"	NA	NA	NA	NA	NA	1.78890028662531	NA	NA	NA	NA	NA	NA	NA	NA	NA	1.02654149638556
Niben261Chr02g1404005.1	Amino acid permease 6"	NA	NA	NA	2.83097556247264	2.08701594087968	2.43636736275059	1.66631252886848	NA	NA	NA	2.73741087491076	NA	NA	NA	NA	NA
Niben261Chr03g0035006.1	oligopeptide transporter 7-like"	NA	0.790312944303055	NA	1.39094396928822	1.20510240406219	1.56019110626222	NA	NA	NA	NA	NA	NA	-0.698886696206474	-0.620976402651815	-0.681063280360456	NA
Niben261Chr03g0096019.1	Homeobox protein knotted-1-like 7"	NA	NA	NA	2.21810461902067	1.87419075344192	2.32142736223512	NA	NA	NA	NA	NA	NA	NA	NA	NA	NA
Niben261Chr03g0301003.1	(-)-alpha-terpineol synthase"	NA	NA	NA	NA	2.5438349870732	3.03480092124252	NA	NA	NA	NA	NA	NA	NA	NA	NA	NA
Niben261Chr03g0307006.1	(-)-camphene/tricyclene synthase. chloroplastic-like"	NA	2.54892937050628	NA	4.78195049520648	4.52408416957575	4.57558873185319	1.29002295408521	NA	NA	NA	2.11587520820583	2.09990105301642	2.88504937542822	1.57327831240889	NA	NA
Niben261Chr03g0442001.1	Chr1:8400638-8401171 FORWARD LENGTH=137"	NA	-1.01306957422269	NA	NA	NA	1.12377977549442	NA	NA	NA	NA	NA	NA	NA	NA	NA	NA
Niben261Chr03g0751014.1	E3 ubiquitin-protein ligase MIEL1-like"	NA	1.18491716290711	NA	2.79420576617867	2.57892818062843	2.24599525822932	NA	NA	NA	-1.39607035345631	-1.58668934266046	-1.74284541722976	-1.61261251763073	-2.54638935231854	-2.36919249184818	NA
Niben261Chr03g0774007.1	Anthranilate synthase"	NA	3.15402937785669	2.17363938712074	4.80276598388858	4.41711738933316	3.87430906812894	2.99114961013414	NA	NA	NA	NA	NA	1.33502156857307	NA	NA	NA
Niben261Chr03g0822044.1	Cysteine proteinase RD21a"	NA	1.54897461645922	NA	2.62085502771477	2.60621762221821	2.07531632067743	1.71317310557715	1.86934062093475	1.683798653898	1.48658101848596	2.30457145665364	2.19319630051678	2.0163358583715	0.721199950513399	NA	NA
Niben261Chr03g1163001.1	Protein kinase"	NA	NA	NA	NA	NA	1.39645502163313	NA	NA	NA	NA	NA	NA	NA	0.744644956137702	NA	NA
Niben261Chr03g1163007.1	GRF-type domain-containing protein"	NA	NA	NA	3.19506893419669	3.31603803553882	2.99020091642259	NA	NA	NA	NA	NA	NA	NA	NA	NA	NA
Niben261Chr03g1164005.1	DUF4216 domain-containing protein"	NA	NA	NA	NA	NA	1.36712197263531	NA	NA	NA	NA	NA	NA	NA	NA	NA	NA
Niben261Chr03g1276001.1	Xyloglucan endotransglucosylase/hydrolase"	NA	NA	NA	2.62708667511723	2.17096003421515	2.84797528274047	1.67818430773748	NA	NA	NA	NA	NA	NA	-0.61000831524826	NA	NA
Niben261Chr03g1449012.1	EPIDERMAL PATTERNING FACTOR-like protein 4"	NA	NA	NA	NA	2.53873780847265	3.1616602933352	NA	NA	NA	NA	NA	NA	NA	NA	NA	NA
Niben261Chr03g1590002.1	Anion exchanger family protein"	NA	NA	NA	4.03683095877483	3.92644452535091	3.71285940553583	NA	NA	NA	NA	NA	NA	NA	NA	NA	-1.15597016252759
Niben261Chr03g1777004.1	protein NRT1/ PTR FAMILY 5.1"	NA	NA	NA	2.38423637719065	1.79673144546426	3.14166338419847	NA	NA	NA	NA	NA	NA	NA	NA	NA	-1.38567555372868
Niben261Chr04g0292014.1	cytochrome P450 98A2-like"	NA	-0.585595954034442	NA	NA	NA	NA	NA	NA	NA	NA	NA	NA	-1.13330028963581	NA	NA	1.77559777472229
Niben261Chr04g0528002.1	Lipoxygenase"	NA	NA	NA	NA	2.66212060294009	2.76861900759113	NA	1.71621751388215	NA	NA	NA	NA	NA	-0.933349206784218	NA	NA
Niben261Chr04g0697001.1	3-oxoacyl-[acyl-carrier-protein] reductase FabG-like"	NA	NA	NA	4.02654766919402	3.88138519179555	3.7746277150241	NA	NA	NA	NA	NA	NA	NA	NA	NA	NA
Niben261Chr04g1028019.1	Mannose-6-phosphate isomerase"	NA	1.91769769467272	NA	5.26081056008991	4.79835003784373	5.34627210882501	NA	NA	NA	NA	NA	NA	NA	NA	NA	NA
Niben261Chr04g1072007.1	auxin-induced protein 15A-like"	NA	NA	NA	2.89927266208312	2.40668652448345	3.38147374090055	NA	NA	NA	NA	NA	NA	NA	NA	NA	NA
Niben261Chr04g1175007.1	AB hydrolase-1 domain-containing protein"	NA	0.760214726332848	NA	3.43603263716957	2.79763699415862	3.46115572183761	NA	NA	NA	NA	NA	NA	NA	0.679007147091192	NA	NA
Niben261Chr04g1336004.1	UDP-glycosyltransferase 91C1-like"	NA	4.01729327479263	2.57197235048373	7.95407533969601	7.28540583030236	6.05690072198398	9.50689019670909	7.47976088596613	7.41512007307453	6.39563122875812	7.47192786109963	5.20100350208365	4.28819789650967	1.94959182947656	NA	-1.82268685332925
Niben261Chr04g1336014.1	UDP-glycosyltransferase 91C1-like"	NA	5.54370084325264	NA	8.74766030318199	8.59428734364147	8.26936835296211	NA	NA	NA	NA	4.82802046488645	3.9426679360672	2.90479674457458	NA	NA	NA
Niben261Chr04g1552007.1	Alkaline/neutral invertase"	NA	0.660751586307881	NA	1.57072748014267	1.27442121693193	1.46179146709706	NA	NA	NA	NA	NA	NA	NA	NA	NA	0.681352596578599
Niben261Chr04g1639001.1	dCTP pyrophosphatase 1"	NA	NA	NA	3.34341789838318	2.44563532168266	2.87181179988303	NA	NA	NA	NA	NA	NA	NA	NA	NA	NA
Niben261Chr04g1656001.1	trans-cinnamate 4-monooxygenase"	NA	-0.632098789512864	NA	NA	NA	NA	NA	NA	NA	NA	NA	-0.983155980041942	-1.28999751920245	NA	NA	1.64159290682957
Niben261Chr04g1658010.1	Protein kinase domain-containing protein"	NA	NA	NA	1.24931864064013	1.11046910244121	1.46881834221262	-1.53035115028465	-1.38902424677674	-1.28298996609231	-1.35060126435973	-1.77097718320963	-1.11967194425952	NA	-1.50275149602668	-1.06203647975755	1.36106112654191
Niben261Chr04g1784010.1	Glycosyltransferase"	NA	NA	NA	NA	NA	NA	NA	NA	NA	NA	NA	NA	NA	1.35304043550591	NA	NA
Niben261Chr04g1859023.1	Terpene cyclase/mutase family member"	NA	1.97412346386614	1.63541642677834	3.04296931838779	2.87261913365777	3.03818442063961	2.67487391823092	NA	1.81055915095335	NA	1.46814325672804	NA	0.834249901519	NA	NA	NA
Niben261Chr05g0519007.1	beta-glucosidase 18-like"	NA	NA	NA	1.85209668560521	1.76050693712269	1.82050395362876	NA	NA	NA	NA	2.23485068175515	1.63869357330333	NA	NA	NA	NA
Niben261Chr05g0686021.1	DNA repair RAD52-like protein 2. chloroplastic"	NA	NA	NA	NA	NA	1.08343828107816	NA	NA	NA	NA	NA	NA	NA	NA	NA	NA
Niben261Chr05g0731001.1	miraculin-like"	NA	2.00931225855678	NA	4.34162082729376	3.68984877877136	5.29457059490849	NA	NA	NA	NA	NA	NA	NA	NA	NA	NA
Niben261Chr05g1084008.1	Myosin-12"	NA	NA	NA	0.92296291584683	0.800507979706386	0.917959300968567	NA	NA	NA	NA	NA	NA	NA	NA	NA	-0.814234708260864
Niben261Chr05g1096007.1	proline-rich receptor-like protein kinase PERK8 isoform X1"	NA	NA	NA	0.709831434443787	NA	0.718787071012483	NA	NA	NA	NA	NA	NA	NA	NA	NA	NA
Niben261Chr05g1247001.1	Sarcosine oxidase"	NA	NA	NA	4.92380251625332	4.18709079889616	4.29722060194724	3.34161345005222	NA	NA	NA	NA	NA	1.34762520805965	1.24420727484158	1.32158787106388	NA
Niben261Chr05g1304012.1	nudix hydrolase 8-like"	NA	1.60981382880637	NA	2.09383640877761	2.08854223096241	1.94712847158551	2.24561502947024	NA	NA	NA	NA	NA	1.10519703307589	-0.817854271066687	NA	NA
Niben261Chr05g1363004.1	Aquaporin"	NA	NA	NA	1.564775419131	1.25331649855069	1.68765733369606	NA	NA	NA	NA	NA	NA	NA	NA	NA	NA
Niben261Chr06g0099008.1	1-deoxy-D-xylulose-5-phosphate synthase"	NA	1.57553685762281	NA	4.98199341051758	4.31871874866812	4.73737599932444	1.07169910700678	NA	NA	NA	NA	NA	NA	NA	NA	NA
Niben261Chr06g0182027.1	Lanc-like protein gcl1"	NA	1.95508359619159	NA	3.82900197690222	3.40158502621244	3.67890348586074	NA	NA	NA	NA	NA	NA	NA	-1.15794600375128	-0.87004788843545	NA
Niben261Chr06g0349010.1	5-methyltetrahydropteroyltriglutamate--homocysteine S-methyltransferase"	NA	NA	NA	1.00552468566993	0.754579453621024	1.14937753839788	NA	NA	NA	NA	NA	NA	NA	NA	NA	-0.656999239977363
Niben261Chr06g0433008.1	4-hydroxy-3-methylbut-2-en-1-yl diphosphate synthase"	NA	3.08662952249052	2.00153667818302	4.69599644911748	4.26516850991071	3.59260205784356	4.19988653762973	3.3828141798082	3.21806845349068	2.9183794218266	2.58930759070481	1.79652600828946	1.48615418589803	1.10737772359206	1.42556014441643	NA
Niben261Chr06g0459006.1	IAA-amino acid hydrolase ILR1-like"	NA	NA	NA	2.23695350049036	1.89435355015315	2.04855389648625	0.832478122409326	NA	0.699792011114363	NA	0.887635694313603	0.646119412185212	NA	0.828653141760311	NA	NA
Niben261Chr06g0490027.1	protein TIFY 10b-like"	NA	NA	NA	1.64592629914342	1.55285516171951	1.67699081871012	NA	NA	NA	NA	NA	NA	1.02544550198737	1.49777319759014	1.44055132589987	NA
Niben261Chr06g0496001.1	Lipoxygenase"	NA	NA	NA	1.4104423585511	1.17851020866029	1.4819721464252	NA	NA	NA	NA	NA	NA	NA	1.29486218197528	NA	NA
Niben261Chr06g0518029.1	O-fucosyltransferase family protein"	NA	NA	NA	1.70482474816591	1.33773665311051	2.07048925352776	NA	NA	NA	NA	NA	NA	NA	-0.76570385286165	NA	NA
Niben261Chr06g0685007.1	Bidirectional sugar transporter SWEET"	NA	NA	NA	2.64758568092873	2.2339062647167	2.52353498527397	NA	NA	NA	NA	NA	NA	NA	NA	NA	NA
Niben261Chr06g0806002.1	glutaminyl-peptide cyclotransferase-like"	NA	NA	NA	2.04879375924824	1.71223608369252	2.01284593343567	1.33896451266047	NA	1.01658799468773	0.616895891161151	0.794944084497716	0.746658391892821	0.643475273436072	0.593352425305004	0.640821562116025	NA
Niben261Chr06g1122008.1	Sulfotransferase"	NA	2.88953938921954	2.28653193478266	3.40188712185653	3.42408690798794	3.49222661808661	4.5442941450458	NA	3.15457941546971	NA	2.4443440271876	2.13075584755292	1.4471361279532	NA	NA	NA
Niben261Chr06g1168006.1	phospholipase A1-Ibeta2. chloroplastic-like"	NA	NA	NA	NA	NA	NA	NA	NA	NA	NA	NA	NA	NA	1.08714008983055	0.908146046732365	NA
Niben261Chr06g1184006.1	Novel plant snare"	NA	NA	NA	NA	NA	0.676965295061642	NA	NA	NA	NA	NA	NA	NA	NA	NA	NA
Niben261Chr06g1284007.1	F-box protein At2g27310"	NA	NA	NA	NA	NA	1.32217294011472	NA	NA	NA	NA	NA	NA	2.29833035559338	1.67770373966919	1.67468825256058	NA
Niben261Chr06g1363022.1	12-oxophytodienoate reductase 3"	NA	1.88234144731528	NA	4.04257953110396	3.50436975850732	3.49038430590144	0.709279078598716	NA	NA	NA	NA	NA	0.719742014410224	NA	NA	NA
Niben261Chr07g0034002.1	Shikimate kinase"	NA	-0.864910471064525	NA	NA	NA	1.13067763082934	NA	NA	NA	NA	NA	NA	NA	0.594103536691477	NA	0.972392260613446
Niben261Chr07g0624001.1	Adenylyl-sulfate kinase"	NA	NA	NA	NA	NA	0.967544062097483	NA	NA	NA	NA	NA	NA	-0.810851243780693	NA	NA	NA
Niben261Chr07g0672001.1	transcription factor bHLH18-like"	NA	NA	NA	NA	NA	NA	NA	NA	NA	NA	NA	NA	NA	3.46616313727386	2.71570157664195	NA
Niben261Chr07g0713013.1	Protein PSK SIMULATOR 1"	NA	NA	NA	NA	NA	0.895715974100137	NA	NA	NA	NA	NA	NA	1.37609479956283	0.609185112368568	0.877383774714339	NA
Niben261Chr07g0946011.1	Calcium uniporter protein"	NA	NA	NA	NA	NA	1.89779670109409	NA	NA	NA	NA	NA	NA	NA	0.818269360249178	NA	-0.974698887526255
Niben261Chr07g0997012.1	protein NUCLEAR FUSION DEFECTIVE 4-like"	NA	2.60998360572955	NA	2.95310078239206	2.89277799415527	2.90348129437394	NA	NA	NA	NA	NA	NA	NA	NA	NA	-0.703542554073732
Niben261Chr07g1078008.1	Leucine-rich repeat receptor-like protein kinase"	NA	1.98189622162473	NA	4.01260658258402	3.36858760117624	4.12105403606344	NA	NA	NA	NA	1.38676677217219	NA	NA	NA	NA	NA
Niben261Chr07g1143003.1	Protein PIN-LIKES like"	NA	1.11226902864655	NA	2.31132437637983	2.02243939531457	2.37572150398223	NA	NA	NA	NA	NA	NA	NA	-0.705995293311919	NA	NA
Niben261Chr07g1249046.1	Purine transporter"	NA	NA	NA	4.52886565353554	4.59715524565461	5.92167688929463	NA	NA	NA	NA	NA	NA	NA	NA	NA	NA
Niben261Chr07g1260002.1	GDSL esterase/lipase"	NA	NA	NA	1.76952149849868	1.54794589194211	1.81853610936185	2.11870704219607	NA	1.7051310689867	NA	2.30021140329424	NA	NA	NA	NA	NA
Niben261Chr07g1275001.1	Chr2:17796382-17797185 REVERSE LENGTH=267"	NA	NA	NA	NA	NA	NA	NA	NA	NA	NA	NA	NA	NA	NA	NA	NA
Niben261Chr07g1275002.1	Chr1:1772454-1773228 REVERSE LENGTH=189"	NA	NA	NA	NA	NA	NA	NA	NA	NA	NA	NA	NA	NA	2.05714502004089	1.46141913577986	NA
Niben261Chr07g1321003.1	Serine/threonine-protein kinase HT1"	NA	0.7351566878006	NA	1.79704636128628	1.51896493852192	1.63642868932844	NA	NA	NA	NA	NA	NA	-0.65086061737444	-0.790500195138644	-0.77505103439834	NA
Niben261Chr07g1328012.1	1.4-dihydroxy-2-naphthoyl-CoA thioesterase 1-like"	NA	NA	NA	1.88533702738225	1.53007268976004	1.8839061714671	NA	NA	NA	NA	NA	NA	NA	NA	NA	NA
Niben261Chr07g1429002.1	Pi-plc x domain-containing protein"	NA	NA	NA	1.22761344950101	1.22763466598738	1.31049778745695	NA	NA	NA	NA	NA	NA	NA	NA	NA	NA
Niben261Chr08g0020012.1	FLZ-type domain-containing protein"	NA	1.74297163234464	1.58846238975977	3.13068003887218	2.77184219820268	2.8577691941932	NA	NA	NA	NA	NA	NA	NA	NA	NA	NA
Niben261Chr08g0034017.1	serine/arginine repetitive matrix protein 1-like"	NA	NA	NA	2.11810135270384	1.74584873535769	2.24144250378509	NA	NA	NA	NA	NA	NA	1.56627409593457	NA	NA	NA
Niben261Chr08g0084016.1	caffeoylshikimate esterase"	-1.21723739477162	-0.715673997980789	-0.925808649913503	NA	NA	NA	NA	NA	NA	NA	NA	NA	NA	0.712770822529156	NA	0.724513257752225
Niben261Chr08g0127009.1	Calcium-binding mitochondrial carrier protein like"	NA	NA	NA	1.98032236114945	1.46465503440749	1.94411443734042	NA	NA	NA	NA	NA	NA	NA	1.01438865739172	NA	NA
Niben261Chr08g0131009.1	Chaperone protein clpd. chloroplastic"	NA	NA	NA	1.53477289397912	1.19492145883876	1.5010511409718	NA	NA	NA	NA	NA	NA	NA	NA	NA	NA
Niben261Chr08g0132011.1	4-coumarate--CoA ligase"	NA	NA	NA	NA	NA	1.09194202330503	NA	NA	NA	NA	-0.640091835977873	NA	NA	NA	NA	NA
Niben261Chr08g0311010.1	BRO1 domain-containing protein"	NA	NA	NA	NA	NA	0.608788122897077	NA	NA	NA	NA	NA	NA	NA	NA	NA	NA
Niben261Chr08g0333005.1	monoglyceride lipase-like"	-2.15237256269631	NA	NA	1.16261816415898	NA	1.0565621784954	NA	NA	NA	NA	-0.956540192474093	-0.833785817853415	NA	NA	NA	NA
Niben261Chr08g0466006.1	Protein DETOXIFICATION"	NA	1.84740919494313	NA	2.6174406519555	2.47878604490722	2.26235926670117	1.77843855284644	NA	1.03095029708794	NA	1.05429548501806	1.353578649407	1.85141660166906	1.7762722879248	1.88923651853075	0.632470530526651
Niben261Chr08g0573011.1	Thioredoxin"	NA	1.17840009707215	NA	2.03521684229508	1.84952348822435	1.93522480069879	1.11033298188222	NA	0.851639015276766	NA	NA	NA	1.32434802984529	0.597969776618984	0.897952058706428	1.03790604844899
Niben261Chr08g0758003.1	Anthranilate synthase"	NA	2.46134813154297	1.61728489824593	4.60546646383331	4.02131427254674	4.22833669886714	4.47668568961052	NA	2.40927845586006	NA	1.46742001723226	NA	0.767181450099436	NA	NA	NA
Niben261Chr08g0819003.1	Protein srg1"	NA	1.86733497087916	1.28617646579972	2.86861372649893	2.75430814810753	3.19259738807135	NA	NA	NA	NA	2.27894910715424	1.76987526033914	1.38091978213102	1.62084020672019	1.55940635225789	NA
Niben261Chr08g0966012.1	Jacalin-related lectin 3"	NA	NA	NA	1.74530370649044	1.51654246811198	1.71567010809505	NA	NA	NA	NA	NA	NA	NA	NA	NA	-0.648606780658114
Niben261Chr08g1153002.1	4-coumarate--CoA ligase"	NA	NA	NA	1.14319875442446	NA	1.17715293007485	NA	NA	NA	NA	NA	NA	NA	NA	NA	NA
Niben261Chr09g0125003.1	Transcription factor bhlh92"	NA	NA	NA	2.74959201683643	2.5629650446637	2.45160538482696	3.47523522107035	NA	2.70760253290332	NA	NA	NA	3.19064425019798	1.77026873584369	2.92501468988005	NA
Niben261Chr09g0302005.1	actin-depolymerizing factor"	NA	NA	NA	NA	NA	0.658468362587415	NA	NA	NA	NA	NA	NA	NA	-0.811748141097769	-0.602636333386014	NA
Niben261Chr09g0575003.1	AB hydrolase-1 domain-containing protein"	NA	1.38462371555026	NA	2.59526354714384	2.37726167243078	2.50707754392487	NA	NA	NA	NA	NA	NA	NA	0.755748481463823	0.7846135150512	NA
Niben261Chr09g0600002.1	Polyamine oxidase 1"	NA	NA	NA	NA	1.20935448048607	1.48333606823102	NA	NA	NA	NA	NA	NA	NA	NA	NA	NA
Niben261Chr09g0779008.1	Protein dmr6-like oxygenase 2"	NA	NA	NA	6.59859159422441	5.30147625752251	5.64761196438956	NA	NA	NA	NA	NA	NA	NA	NA	NA	NA
Niben261Chr09g0860002.1	metallothiol transferase FosB-like"	1.068584692226	1.96542924572722	NA	3.67884374311173	3.45327761324377	3.77169630093665	NA	NA	NA	NA	NA	NA	NA	NA	NA	NA
Niben261Chr09g1038012.1	annexin D4-like"	NA	2.68895129122095	NA	5.96718757109011	5.31259207615557	4.75430620419483	2.89000694420594	NA	NA	NA	2.35327106841486	1.96181209043059	1.69927182377821	1.01772512498641	1.18630493835301	-0.74500814619241
Niben261Chr09g1038015.1	Annexin"	NA	1.54249385627692	NA	3.79873018255695	3.46275870418817	3.34424900257839	2.57099577943964	1.64593228290072	1.71301221498051	1.50375620594956	1.91550261399344	1.85609150553725	1.68273389129558	0.780693660833963	0.920392632844764	NA
Niben261Chr09g1059012.1	cytochrome P450 98A2-like"	-0.935535463527475	-0.630397994304362	NA	NA	NA	NA	NA	NA	NA	NA	NA	NA	NA	NA	NA	NA
Niben261Chr09g1069006.1	Alpha-1.3-mannosyltransferase"	NA	0.884105028727709	NA	1.33072091361675	1.29459996303068	1.25533224649072	NA	NA	NA	NA	NA	NA	NA	NA	NA	0.700709848515343
Niben261Chr09g1080023.1	Phenylalanine ammonia-lyase"	-1.07725068814429	NA	NA	NA	NA	NA	NA	NA	NA	NA	NA	NA	NA	NA	1.0163461061268	NA
Niben261Chr09g1169030.1	UDP-galactose/UDP-glucose transporter like"	NA	NA	NA	2.93245039996749	2.45352081093921	2.87454616230971	NA	NA	NA	NA	0.92213565068547	NA	0.722635932837521	1.77771972189291	1.48299915676429	-0.596632160756394
Niben261Chr09g1243001.1	serine/threonine protein phosphatase 2A 57 kDa regulatory subunit B' beta isoform-like"	NA	2.73994743767581	NA	7.16925681250771	6.47594849335117	5.71187480253529	NA	NA	NA	NA	NA	NA	NA	NA	NA	NA
Niben261Chr09g1251022.1	Proline-rich receptor-like protein kinase perk12"	NA	1.61085245346518	1.04610106941828	2.8296981265877	2.58688205715945	2.97743135973214	1.235773163542	NA	NA	NA	0.731964172181697	NA	-0.625494495127745	-1.53221444476635	-1.17395748288415	NA
Niben261Chr09g1286001.1	Pi-plc x domain-containing protein"	NA	NA	NA	2.26541003707289	NA	2.69753580924538	1.85989308244124	NA	1.72982450623876	NA	NA	NA	NA	NA	NA	NA
Niben261Chr09g1313020.1	4-hydroxy-3-methylbut-2-enyl diphosphate reductase"	NA	NA	NA	1.70941803015784	1.39610591619766	1.92622059820866	1.1405857942577	NA	NA	NA	NA	NA	NA	NA	NA	NA
Niben261Chr10g0033009.1	Adenosylhomocysteinase"	NA	NA	NA	0.931938148457086	0.778221524775789	0.977105624027185	NA	NA	NA	NA	NA	NA	NA	-0.730551220229654	-0.618948945908405	NA
Niben261Chr10g0281024.1	Golgin candidate 4"	NA	NA	NA	1.14323501930397	0.895561556575675	1.19397706344475	NA	NA	NA	NA	NA	NA	NA	NA	NA	NA
Niben261Chr10g0337003.1	Transcription factor bhlh14"	NA	2.79483214195664	NA	8.07337825098165	5.34897270526799	5.54960574246108	NA	NA	NA	NA	NA	NA	NA	NA	NA	NA
Niben261Chr10g0349012.1	Cytochrome P450"	-0.839791730175291	NA	NA	1.47120897222947	NA	1.57171750869628	NA	NA	NA	NA	NA	NA	NA	NA	NA	NA
Niben261Chr10g0377002.1	Annexin"	NA	3.11131313007775	NA	5.86756947142915	5.3354153126389	4.5102153257069	3.77623892845712	NA	2.54358070796071	1.55579946938137	1.56418906741853	1.51405192252439	1.67226497242475	1.20341106540234	1.45340897519341	NA
Niben261Chr10g0377012.1	Annexin d4"	NA	3.6484702745353	NA	5.49703719295746	5.15136931687472	4.01025795078821	1.75169183794606	NA	NA	NA	1.15434176339167	1.24891814215564	1.45081827061948	1.53470333917483	1.56887823892645	NA
Niben261Chr10g0391003.1	Histidine-containing phosphotransfer protein"	NA	NA	NA	1.84827150000957	1.32175820633422	1.64838015740669	NA	NA	NA	NA	NA	NA	NA	NA	NA	-3.07924498670842
Niben261Chr10g0463004.1	Chr5:26671433-26672116 FORWARD LENGTH=183"	NA	1.62219107348975	NA	1.90248614691543	1.83225292021358	1.39754028481069	3.02264809986096	1.42985090347435	1.80106686115681	1.53662554092662	NA	NA	NA	-2.06397224629415	NA	-2.50204431517931
Niben261Chr10g0564001.1	metallothiol transferase FosB-like"	1.01894360464386	1.8926118486794	1.37266108208767	3.01300596632758	2.87429442049037	3.20066320150769	NA	NA	NA	NA	NA	NA	NA	NA	NA	NA
Niben261Chr10g0588018.1	F-box protein"	NA	NA	NA	1.56099022581922	1.31829202506325	1.38695145736207	NA	NA	NA	NA	NA	NA	NA	NA	NA	NA
Niben261Chr10g0618004.1	Abc transporter g family member 11"	NA	NA	NA	NA	NA	4.83610407103209	NA	NA	NA	NA	NA	NA	NA	NA	NA	NA
Niben261Chr10g0652003.1	9-divinyl ether synthase-like"	NA	2.48216057186273	NA	6.63902988313736	6.51003452907397	5.20858968554031	4.98300006981066	NA	3.99590864851315	NA	2.16110343968676	NA	NA	NA	NA	NA
Niben261Chr10g0918006.1	acetyl-CoA-benzylalcohol acetyltransferase-like"	NA	NA	NA	3.13495133221632	2.58637610415718	2.98244042410282	1.05910611351883	NA	NA	NA	NA	NA	NA	1.0355761332039	1.0074062743834	0.741826687311004
Niben261Chr10g1185008.1	Rubisco large subunit-binding protein subunit alpha. chloroplastic"	NA	1.30244398997916	NA	2.56302051311762	2.3703420081417	2.31989056816956	2.69150859144346	2.44774230656162	2.277201872933	1.95308020924425	2.38913837072067	2.1455448060405	1.86670586743266	1.36629291034432	1.57831861057821	1.25328320277641
Niben261Chr10g1297004.1	PPM-type phosphatase domain-containing protein"	NA	NA	NA	1.72302831332088	1.19095922820486	1.75835356464286	NA	NA	NA	NA	NA	NA	NA	0.614611378661016	NA	NA
Niben261Chr11g0709006.1	Glutamate receptor"	NA	NA	NA	NA	NA	1.16304205517121	NA	NA	NA	NA	NA	NA	NA	NA	NA	NA
Niben261Chr11g0835022.1	mechanosensitive ion channel protein 3. chloroplastic-like isoform X2"	NA	0.645711065123239	NA	1.14633222228449	1.0438353964406	1.07919732243085	NA	NA	NA	NA	NA	NA	NA	NA	NA	0.645725390020865
Niben261Chr11g0883003.1	Methyltransferase"	NA	0.77088058922693	NA	2.36254126523575	1.84180969371837	2.53007834228255	NA	NA	NA	NA	NA	NA	NA	NA	NA	NA
Niben261Chr11g0891001.1	Phospho-2-dehydro-3-deoxyheptonate aldolase"	NA	NA	NA	NA	NA	NA	0.712565294095887	NA	0.740348831914114	NA	NA	NA	0.598644717806472	0.963852470085012	0.930321358044451	NA
Niben261Chr11g0914021.1	FBD-associated F-box protein At5g38590"	NA	NA	NA	NA	NA	NA	NA	NA	NA	NA	NA	NA	NA	1.16263096294422	1.13991919232159	NA
Niben261Chr11g1361008.1	SLT1 protein"	NA	NA	NA	0.716677161258728	NA	0.684253256737966	NA	NA	NA	NA	NA	NA	NA	NA	NA	NA
Niben261Chr12g0056012.1	GDSL esterase/lipase At1g28590-like"	NA	1.53733128580717	NA	NA	1.04862342518304	NA	2.83935810126877	NA	NA	NA	1.49434721237416	NA	NA	NA	NA	NA
Niben261Chr12g0183011.1	glucomannan 4-beta-mannosyltransferase 9-like"	NA	1.28127820577584	NA	3.46199380948198	3.08968236829145	4.04423925867884	2.1659185645501	NA	NA	NA	1.11487229739842	NA	NA	-1.56054774988565	NA	NA
Niben261Chr12g0215018.1	S-adenosylmethionine synthase"	NA	NA	NA	1.03814401338941	0.824902981114664	1.21092840684731	NA	NA	NA	NA	-1.04038125062511	-0.943282260947489	-0.855202658897577	-0.657939662328131	NA	NA
Niben261Chr12g0230012.1	Phenylalanine ammonia-lyase"	NA	-0.642670114988001	NA	NA	NA	0.837806545481649	NA	NA	NA	NA	NA	NA	-0.780874201274631	NA	NA	1.93808956488766
Niben261Chr12g0307026.1	suppressor of disruption of TFIIS-like"	NA	NA	NA	2.50875635662946	2.14867713801452	2.79470496230006	NA	NA	NA	NA	1.13675962447034	NA	NA	-1.08141172710355	NA	NA
Niben261Chr12g0492008.1	heterodimeric geranylgeranyl pyrophosphate synthase small subunit. chloroplastic-like"	NA	3.22803357552501	1.70010010154692	6.55469321140679	5.7410521385112	5.91659027598229	4.24419425773688	2.08626211038276	2.90695795026973	NA	1.5247490734445	2.1494446341373	3.23590625526598	1.92902391631184	2.68082003129964	NA
Niben261Chr12g0609008.1	beta-glucosidase 18-like"	NA	0.864063453475688	0.807959555465409	1.99670997370903	1.66365778625735	2.2232807149403	NA	NA	NA	NA	NA	NA	NA	NA	NA	NA
Niben261Chr12g0731008.1	ribose-phosphate pyrophosphokinase 4"	NA	NA	NA	NA	NA	NA	NA	NA	NA	NA	NA	0.850671033425115	1.26574589465685	0.975830048509408	1.0437733615407	NA
Niben261Chr12g0782007.1	Tify domain-containing protein"	NA	NA	NA	1.93430610959342	1.66566494884272	2.0070696636459	NA	NA	NA	NA	NA	NA	NA	1.78997957282164	1.65965850943692	NA
Niben261Chr12g0827012.1	Aldo_ket_red domain-containing protein"	NA	1.02691278409717	NA	1.78718229266215	1.59275845682317	1.87016906825846	1.26267544972122	NA	NA	NA	NA	NA	NA	-0.875434369880313	NA	NA
Niben261Chr12g1168004.1	WD_REPEATS_REGION domain-containing protein"	NA	NA	NA	4.19643285215989	3.74802765206294	4.30700070293383	3.72044868957264	NA	NA	NA	NA	NA	1.42685386616625	NA	1.4133282125199	NA
Niben261Chr12g1235001.1	WAT1-related protein"	NA	NA	NA	2.18989006373921	1.78117230620243	2.15831534984065	NA	NA	NA	NA	NA	NA	NA	NA	NA	NA
Niben261Chr12g1326009.1	Transmembrane protein like"	NA	NA	NA	NA	2.49008147545176	NA	NA	NA	NA	NA	NA	NA	NA	NA	NA	NA
Niben261Chr12g1440006.1	Lanc-like protein gcl1"	NA	1.45299817063774	NA	3.12394311399557	2.68217311154462	3.39319979078381	NA	NA	NA	NA	NA	NA	NA	NA	NA	NA
Niben261Chr12g1526002.1	Ras-related protein Rab-5C"	NA	NA	NA	0.947960525931304	0.798187060031505	0.905620122608946	NA	NA	NA	NA	NA	NA	NA	NA	NA	NA
Niben261Chr13g0107001.1	tryptophan aminotransferase-related protein 3-like"	NA	2.20442739357259	1.44572941390903	2.77388107921508	2.73472271934144	2.51243541260222	2.02776293865787	NA	1.22510084745806	NA	NA	NA	NA	-1.4195974639077	NA	NA
Niben261Chr13g0152006.1	Auxin efflux carrier component"	NA	NA	NA	2.5329647475412	1.79605308119987	1.77073510981583	NA	NA	NA	NA	NA	NA	NA	NA	NA	NA
Niben261Chr13g0211019.1	START domain-containing protein"	NA	0.861035614295761	NA	1.8693507393176	1.53456599704519	1.75803575936992	NA	NA	NA	NA	NA	NA	NA	NA	NA	NA
Niben261Chr13g0248007.1	Repressor of silencing 3"	NA	NA	NA	NA	0.67575386746405	0.957731440481536	NA	NA	NA	NA	NA	NA	NA	NA	NA	NA
Niben261Chr13g0352001.1	1-deoxy-D-xylulose-5-phosphate synthase"	NA	0.790364782089661	NA	1.70961161743266	1.42193504775249	1.75106030836045	NA	NA	NA	NA	-1.26163189628149	NA	NA	-0.891551878630015	NA	NA
Niben261Chr13g0372001.1	zinc finger CCCH domain-containing protein 58-like"	NA	NA	NA	1.42735971135153	1.11990719638947	1.77888436345586	0.932258247494245	NA	NA	NA	NA	NA	NA	-0.654858313554097	-0.634061332098345	NA
Niben261Chr13g0505005.1	DBP1-interacting protein 2"	NA	NA	NA	6.57294630842785	5.18852684987229	6.62466679759822	NA	NA	NA	NA	NA	NA	NA	NA	NA	NA
Niben261Chr13g0510015.1	Rubisco large subunit-binding protein subunit alpha. chloroplastic"	NA	2.15042301760863	NA	5.01149376538924	4.3342426737319	4.0091585181851	NA	NA	NA	NA	NA	NA	NA	NA	NA	NA
Niben261Chr13g0582011.1	Endoglucanase"	NA	2.32025259288513	NA	4.16335167903677	3.80965698180472	3.14486589286299	4.28394519118006	NA	2.99008314427709	NA	2.35915296174903	2.11765747297845	NA	NA	NA	NA
Niben261Chr13g0652001.1	dCTP pyrophosphatase 1"	NA	NA	NA	3.71960046718181	3.12610936903905	3.78502863788145	NA	NA	NA	NA	NA	NA	NA	NA	NA	NA
Niben261Chr13g0663003.1	trans-cinnamate 4-monooxygenase"	NA	NA	NA	NA	1.7528723717487	2.18597590081413	NA	NA	NA	NA	NA	NA	-0.638814531382326	0.600727777692884	NA	0.756064419861424
Niben261Chr13g0664013.1	Protein kinase domain-containing protein"	NA	2.20330291801553	NA	5.68325998927928	4.41927150021395	4.05478238650418	NA	NA	NA	NA	NA	NA	NA	NA	NA	NA
Niben261Chr13g0909005.1	Cytochrome P450"	NA	1.74077031000627	NA	3.44524424511253	3.03683337487237	3.5437008822621	1.85188840815876	NA	NA	NA	0.851833072877639	NA	NA	-0.604769576800744	NA	NA
Niben261Chr13g1036010.1	transcription factor DIVARICATA-like"	NA	0.871348096905059	NA	1.85483221008119	1.47126999493209	2.009514097235	NA	NA	NA	NA	NA	NA	NA	-0.93771974639038	NA	-0.718900029162063
Niben261Chr13g1197002.1	Protein DETOXIFICATION"	NA	4.61398109642274	NA	8.12092835782342	7.63662886698109	5.35052767902409	5.44407426294186	4.21355685632311	4.89036822806912	NA	3.64937556874474	3.00923582454618	2.51110813059153	NA	2.17492042291458	NA
Niben261Chr13g1530002.1	Zeta_toxin domain-containing protein"	-1.96554569100736	NA	NA	2.65399206653863	2.38217248127379	2.33316402845802	NA	NA	NA	NA	NA	NA	NA	0.675661522575038	NA	NA
Niben261Chr14g0057002.1	Terpene cyclase/mutase family member"	NA	1.40427863467263	NA	2.13004533151181	1.96529070264159	2.2671456539962	NA	NA	NA	NA	NA	NA	NA	NA	NA	NA
Niben261Chr14g0102018.1	Cytokinin dehydrogenase"	NA	0.70432366452188	NA	1.60324806917524	1.24594134360901	1.74610493137569	1.35955376284946	NA	NA	NA	1.20064760374272	NA	NA	-1.55083250694276	NA	NA
Niben261Chr14g0144002.1	Regulator of rDNA transcription protein"	NA	NA	NA	NA	NA	NA	NA	NA	NA	NA	NA	NA	NA	NA	NA	-4.74826092998189
Niben261Chr14g0211003.1	Tify domain-containing protein"	NA	NA	NA	3.12844815460054	2.80740445652686	3.36705300179121	NA	NA	NA	NA	NA	NA	1.22431332036962	2.22215745843712	1.91110224494407	NA
Niben261Chr14g0656003.1	Plant protein 1589 of Uncharacterized protein function"	-1.44664031775288	NA	NA	1.69832854953988	1.41875876758149	NA	1.35674579502622	NA	1.33902907432532	NA	NA	2.3995321625894	2.13647828119152	3.22336600313645	2.92798352735437	NA
Niben261Chr14g0844010.1	Transcriptional activator taf-1"	NA	NA	NA	1.98053921670561	1.58189460431167	1.79619686024699	NA	1.34647213909917	NA	NA	NA	NA	NA	NA	NA	NA
Niben261Chr14g0923003.1	nudix hydrolase 8-like"	NA	1.33925591059319	NA	2.43421349434282	2.1381854576811	2.42405173835365	1.14395448390161	NA	NA	NA	NA	0.646042715719233	0.663803542000487	NA	NA	NA
Niben261Chr14g0933003.1	UPF0676 protein C1494.01-like isoform X3"	NA	NA	NA	NA	NA	NA	NA	NA	NA	NA	NA	NA	NA	NA	NA	NA
Niben261Chr14g0953009.1	Root meristem growth factor 6"	NA	NA	NA	3.87245728065845	2.57480544338988	NA	NA	NA	NA	NA	NA	NA	NA	2.74071591738998	1.77184825682574	NA
Niben261Chr14g1229001.1	WD_REPEATS_REGION domain-containing protein"	NA	NA	NA	2.57704710694729	2.23688022730848	2.39125331216684	NA	NA	NA	NA	NA	NA	NA	1.03131536180662	NA	NA
Niben261Chr14g1238001.1	(3S.6E)-nerolidol synthase 1"	NA	2.00059011650185	NA	3.66255514653045	3.44111260412178	3.44518792212346	5.30771287754302	NA	NA	NA	3.9455571395534	NA	NA	NA	NA	NA
Niben261Chr14g1370002.1	BAG family molecular chaperone regulator 3-like"	NA	0.741298408601364	0.650044990851895	NA	0.958753992601694	1.13165334944453	NA	NA	-0.747380628810126	-0.706026057016175	NA	NA	NA	-1.29085205691148	-1.12292670791138	NA
Niben261Chr14g1487008.1	transmembrane protein 53-like"	NA	NA	NA	NA	NA	1.02421380714674	NA	NA	NA	NA	NA	NA	NA	0.726257494076598	0.656566476178775	NA
Niben261Chr14g1510006.1	Auxin response factor"	NA	NA	NA	NA	NA	1.28516374802763	NA	NA	NA	NA	NA	NA	NA	NA	NA	NA
Niben261Chr15g0347004.1	Acetylornithine transaminase"	NA	NA	NA	1.36986354706619	NA	1.61799946991453	NA	NA	NA	NA	NA	NA	NA	NA	NA	NA
Niben261Chr15g0661008.1	cytochrome P450 CYP736A12-like"	NA	2.45112997696534	NA	4.76284672405048	4.12496807885064	3.99563208508744	6.11483987866401	NA	4.34401471291778	NA	3.91194418732705	NA	1.8945963105421	2.13066765239739	2.61342100252383	NA
Niben261Chr15g0698004.1	Unknown protein"	NA	NA	NA	2.41107137070727	1.98255355976942	2.4745055291753	NA	NA	NA	NA	NA	NA	NA	NA	NA	NA
Niben261Chr15g1197007.1	BTB/POZ and TAZ domain-containing protein 4-like"	NA	NA	NA	6.53812053590078	5.70594485459396	3.78277436493071	NA	NA	NA	NA	NA	NA	NA	NA	NA	NA
Niben261Chr15g1441023.1	E3 ubiquitin-protein ligase sdir1"	NA	1.50475564296603	NA	2.82174569014389	2.49736589276729	2.63507565273915	NA	NA	NA	NA	NA	NA	NA	-1.23006262861311	-0.965475791398492	NA
Niben261Chr15g1497016.1	serine/threonine-protein kinase 38-like"	NA	0.745935634164272	NA	1.32456694830411	1.15656397117763	1.50165308872011	NA	NA	NA	NA	NA	NA	NA	NA	NA	NA
Niben261Chr16g0042012.1	Peroxidase"	NA	NA	NA	2.47267860066864	2.12205826395425	2.97599432938529	1.58611543480039	NA	NA	NA	NA	NA	1.28386801158887	1.7515916470097	1.63428725982741	-0.929684378294776
Niben261Chr16g0087003.1	Allene-oxide cyclase"	NA	1.6706748183807	NA	2.4937720833532	2.39117758025921	2.14253559011291	2.60961663637777	1.75990678610134	1.81434787363812	1.57283220444844	1.14907707591967	0.86162019410181	0.89640968033257	NA	0.66243089043981	NA
Niben261Chr16g0181011.1	GDSL esterase/lipase At1g29670-like"	NA	1.40524313808091	0.74029072958146	2.43754606582452	2.28655228317021	2.51561861530766	4.04118934128142	4.3988678765828	3.76236057114323	3.76163922635833	3.95558320358584	4.01728494345164	4.09300926231411	3.70468798176724	3.88939626387401	0.752813928761579
Niben261Chr16g0182001.1	GDSL esterase/lipase At1g29670-like"	NA	0.882708251893797	NA	2.25114780795925	1.9398440153415	2.47257505311625	1.83166791792652	NA	NA	NA	NA	NA	NA	NA	NA	NA
Niben261Chr16g0242005.1	Phospholipase A1"	NA	NA	NA	6.59254117800759	6.29850452071701	7.83089425381127	NA	NA	NA	NA	NA	NA	2.19739333247765	NA	NA	NA
Niben261Chr16g0282003.1	BHLH domain-containing protein"	NA	NA	NA	NA	3.8736185341307	NA	NA	NA	NA	NA	NA	2.11312148414152	2.35659070277367	1.5669752323988	1.92102592689596	NA
Niben261Chr16g0305001.1	WD_REPEATS_REGION domain-containing protein"	NA	NA	NA	1.65929130647234	NA	1.57764711017751	NA	NA	NA	NA	NA	NA	NA	0.689115685173449	NA	NA
Niben261Chr16g0343009.1	Receptor-like serine/threonine-protein kinase"	NA	2.14592212933383	1.45945905906306	4.66582777374551	4.06369875475206	4.23077295046885	NA	NA	NA	NA	NA	NA	NA	NA	NA	NA
Niben261Chr16g0346003.1	(-)-alpha-terpineol synthase"	NA	3.03597344460749	NA	7.2301121333167	6.72152502200704	6.46732624514896	NA	NA	NA	NA	NA	1.97718493322767	2.87336530067764	NA	2.27382482425322	NA
Niben261Chr16g0348001.1	alpha-farnesene synthase-like"	NA	NA	NA	6.6177311361212	6.28694512311239	8.48854200077121	8.28929631086632	5.2352449707323	8.21393509711379	5.43086811044143	6.67627729440157	5.23360808151883	3.48856747259484	4.01613823218736	3.97787016200229	NA
Niben261Chr16g0376019.1	Protein nuclear fusion defective 4"	1.32425390627852	1.67580989436302	1.55928377803044	2.40196481461426	2.26491063824684	2.32777747681126	NA	NA	NA	NA	NA	NA	1.31701878546707	NA	NA	NA
Niben261Chr16g0918005.1	suppressor of disruption of TFIIS-like"	NA	NA	NA	NA	NA	NA	NA	-0.938090810485309	NA	-0.615290448945461	NA	NA	-1.46020018595317	-0.759350771970334	-0.941487146105841	NA
Niben261Chr16g0970004.1	B3 domain-containing protein"	NA	NA	NA	1.79782203399044	1.42336639253639	1.97130624257421	NA	NA	NA	NA	NA	NA	NA	0.741724158865927	NA	1.7823210354762
Niben261Chr16g1120003.1	trans-cinnamate 4-monooxygenase-like"	-0.747357388464861	-0.670097536350575	NA	NA	NA	1.20031967555825	NA	NA	NA	NA	NA	NA	-0.857359883191056	0.813965564249118	NA	1.46298156172673
Niben261Chr16g1154009.1	Alanine--glyoxylate aminotransferase 2-like 2. mitochondrial"	NA	0.894621576321186	NA	3.18067490332198	2.60561575372041	3.06145236231362	NA	NA	NA	NA	NA	NA	NA	NA	NA	NA
Niben261Chr16g1288013.1	Protein kinase domain-containing protein"	NA	NA	NA	NA	NA	NA	NA	NA	NA	NA	NA	NA	NA	NA	NA	NA
Niben261Chr17g0004020.1	4-coumarate--CoA ligase"	NA	NA	NA	1.14911960506735	0.993142039547298	1.23972981680052	NA	NA	NA	NA	NA	NA	NA	-1.04184572893338	NA	0.718490737300416
Niben261Chr17g0083001.1	UDP-glucuronate 4-epimerase 6-like"	NA	0.97355224872805	NA	1.33558477515942	1.24109904875083	1.33922879120803	NA	NA	NA	NA	NA	NA	0.861429168965595	0.890222791076705	NA	NA
Niben261Chr17g0115007.1	Glycosyltransferase"	NA	5.71563927190117	4.71270590305408	8.19577963745639	7.81822836010387	4.88165171406223	9.09772038581478	8.70806595120501	8.21773591212305	NA	8.44569382655995	6.22027934553832	4.9787394485773	NA	NA	NA
Niben261Chr17g0514007.1	amino acid permease 6-like"	NA	3.29180996556065	NA	3.06749897535801	3.20411288116541	3.32200466302878	NA	NA	NA	NA	NA	2.02973583182676	3.39043249078111	4.24832722000629	4.72015471439747	NA
Niben261Chr17g0627002.1	(E.E)-geranyllinalool synthase-like"	NA	NA	NA	9.01133706087723	7.97388502323804	7.53869803944058	9.37169747993585	NA	9.22731802803132	5.40282942835733	NA	7.30250242331064	7.76759013744006	NA	NA	NA
Niben261Chr17g0730001.1	auxin-induced protein 15A-like"	NA	NA	NA	4.15648513816436	NA	3.36756567544905	NA	NA	NA	NA	NA	NA	NA	NA	NA	NA
Niben261Chr17g0815005.1	Abc transporter c family member 14"	NA	1.46139536726593	NA	2.55214031671495	2.2384254066641	2.47039299152624	1.40802233679621	NA	NA	NA	NA	NA	NA	NA	NA	-0.924243498777371
Niben261Chr17g0821008.1	Pyrimidine-specific ribonucleoside hydrolase"	NA	NA	NA	5.54870786372537	4.71840187612653	4.83017957018094	NA	NA	NA	NA	NA	NA	NA	NA	NA	-0.828948278623922
Niben261Chr17g1295011.1	Cytochrome P450"	NA	NA	NA	NA	NA	NA	NA	NA	NA	NA	NA	NA	NA	2.60228774261651	2.31830137250254	NA
Niben261Chr17g1535045.1	AB hydrolase-1 domain-containing protein"	NA	2.92966547045652	NA	5.28376265165762	4.82515663268131	4.42869668013089	3.88548814580064	2.26143014185383	2.58196313824238	1.93436798335128	2.73884651360053	2.16188137991923	1.87870957769258	1.50582378982261	1.82884010561353	NA
Niben261Chr17g1546014.1	alcohol dehydrogenase-like"	1.19245986669099	2.7545461000554	1.78024340519153	4.8408761350845	4.38589071672672	4.75193229934373	4.92899795614454	NA	3.48681115049159	2.63638145359811	4.32299827198743	NA	1.37534833683144	NA	NA	NA
Niben261Chr18g0042006.1	Xyloglucan endotransglucosylase/hydrolase"	NA	1.3712688164132	NA	2.83861137594354	2.55988576450419	2.85502067417711	1.90414006394795	NA	NA	NA	1.03588384118508	NA	NA	NA	NA	NA
Niben261Chr18g0110027.1	Formin-like protein"	NA	1.15458464120837	NA	1.84961273938707	1.62539864729481	1.96806508301676	NA	NA	NA	NA	NA	NA	NA	NA	NA	NA
Niben261Chr18g0178002.1	heparanase-like protein 3"	NA	NA	NA	NA	0.850579141790573	1.10568383460946	NA	NA	NA	NA	NA	NA	NA	NA	NA	NA
Niben261Chr18g0225006.1	ATP-dependent RNA helicase RhlB"	NA	NA	NA	NA	NA	NA	NA	NA	NA	NA	NA	NA	1.60647877376807	2.5925836014538	2.41704380051931	NA
Niben261Chr18g0250008.1	Copper-transporting ATPase"	NA	NA	NA	1.23699803816206	0.91472991830113	1.22614248696808	NA	NA	NA	NA	NA	NA	NA	NA	NA	NA
Niben261Chr18g0537004.1	isoleucine N-monooxygenase 2-like"	NA	NA	NA	9.28982009842206	8.32785220267601	7.84444333438985	NA	NA	NA	NA	4.9140543507722	4.06553608366661	3.70685019711679	NA	2.51726892115265	NA
Niben261Chr18g0540001.1	Inositol-pentakisphosphate 2-kinase"	NA	NA	NA	1.65689863892587	1.43534902556932	1.92071083522606	NA	NA	NA	NA	NA	NA	NA	NA	NA	-0.688520443076941
Niben261Chr18g0639004.1	Tify domain-containing protein"	NA	1.69217269088905	0.868798062575481	3.04432194765476	2.74159456358443	2.69088064647399	2.80438943746214	1.91509046734657	2.0116998347727	1.71406847855319	1.61253001549982	1.42648147099869	1.14907557396726	1.21683043781827	1.21797053055675	NA
Niben261Chr18g0757001.1	PLASMODESMATA CALLOSE-BINDING PROTEIN 3-like"	NA	1.08806476656006	NA	1.83030078529456	1.64485965954127	NA	NA	NA	NA	NA	NA	NA	-0.885749388034513	-1.40806855114646	NA	NA
Niben261Chr18g1060003.1	Potassium channel kat2"	NA	NA	NA	NA	NA	2.25528634074933	NA	NA	NA	NA	NA	NA	NA	NA	NA	NA
Niben261Chr18g1074002.1	protein TIFY 5A-like"	NA	NA	NA	NA	2.70155079369357	2.48766532432864	NA	NA	NA	NA	NA	NA	2.99258850972803	4.53719641151377	4.37087294154273	NA
Niben261Chr18g1140004.1	Methyltransferase"	NA	NA	NA	0.876693726271407	0.642062052425775	0.97968917938725	NA	NA	NA	NA	NA	NA	NA	-0.609817094323663	NA	-0.607282322690104
Niben261Chr18g1268011.1	Adenylyl-sulfate kinase"	NA	NA	NA	1.89891616386632	1.59577757528028	2.12410594486742	NA	NA	NA	NA	NA	NA	NA	NA	NA	NA
Niben261Chr18g1451009.1	F-box protein At5g07610"	NA	NA	NA	3.89229415895549	3.06662157575538	4.27661504066471	NA	NA	NA	NA	NA	NA	NA	NA	NA	NA
Niben261Chr18g1465001.1	4-coumarate--CoA ligase"	-0.849319318217829	-0.611031621953955	NA	NA	NA	0.868342437475939	NA	NA	NA	NA	NA	NA	NA	NA	NA	NA
Niben261Chr19g0034003.1	DUF4408 domain-containing protein"	NA	2.07239582295105	1.59169092380155	3.16028994293603	3.02557615235509	3.48908905727299	NA	NA	NA	NA	NA	NA	NA	-1.79195553596963	NA	-0.604103354317695
Niben261Chr19g0090011.1	Tify domain-containing protein"	NA	NA	NA	1.65129918180316	1.38357386474594	1.76671636850935	NA	NA	NA	NA	NA	NA	0.603367994410527	0.75442540071011	0.820354627611948	NA
Niben261Chr19g0141001.1	Aldo_ket_red domain-containing protein"	NA	NA	NA	NA	NA	1.88398251565028	NA	NA	NA	NA	NA	NA	NA	NA	NA	NA
Niben261Chr19g0149009.1	RING-CH-type domain-containing protein"	NA	1.16109845782051	NA	2.09273841303172	1.77509562546685	1.9355879925266	NA	NA	NA	NA	NA	NA	NA	NA	NA	NA
Niben261Chr19g0226013.1	Endoglucanase"	0.940479225094193	1.38584409308357	1.1247576196899	3.68851985451188	3.28445181198364	4.0468210570018	1.85968692631674	NA	NA	NA	NA	NA	NA	-0.900449624612644	NA	NA
Niben261Chr19g0236003.1	Prefoldin subunit 5"	NA	NA	NA	2.60049780414201	2.81989194137869	3.70178906435517	NA	NA	NA	NA	NA	NA	NA	NA	NA	NA
Niben261Chr19g0291004.1	Glutamate receptor"	NA	NA	NA	NA	NA	1.82238578654307	-1.0346486126119	NA	NA	NA	-1.64492639349307	-2.0044232710198	-2.38371590627853	-1.36279648073332	-1.48488033535998	-0.637014507502625
Niben261Chr19g0331005.1	(-)-germacrene D synthase-like"	NA	NA	NA	2.66815899316723	2.17824570363654	3.11126642899128	NA	NA	NA	NA	NA	NA	NA	NA	NA	NA
Niben261Chr19g0729008.1	isoflavone 2'-hydroxylase-like"	NA	NA	NA	4.36954401776608	3.89880017957044	4.47576876265746	3.46728056802265	NA	NA	NA	1.14089423347513	0.919964003164485	NA	1.90587093727386	1.49648076379234	-0.982398027918746
Niben261Chr19g1242001.1	Ethylene-responsive transcription factor"	NA	NA	NA	1.49164109726401	1.19932455268874	1.5926653912934	NA	NA	NA	NA	NA	NA	NA	NA	NA	NA
Niben261Chr19g1287007.1	bark storage protein A-like"	NA	1.71932189210306	0.943331788390669	4.08539757946296	3.683893211445	4.38828140462646	NA	NA	NA	NA	NA	NA	NA	NA	NA	NA
Niben261Chr19g1295005.1	OTU domain-containing protein"	NA	NA	NA	NA	NA	1.56336801925426	NA	NA	NA	NA	NA	NA	NA	0.726914490835852	0.680355202793663	NA
Niben261Chr19g1459013.1	E3 ubiquitin-protein ligase RHA2A-like"	NA	NA	NA	2.06770798798071	1.59274290028928	2.10325154236054	NA	NA	NA	NA	NA	NA	NA	0.936984458129301	NA	NA
Niben261Scf00985g0000002.1	Aldo_ket_red domain-containing protein"	NA	NA	NA	1.50539334967345	1.21688877253645	1.4809743048621	NA	NA	NA	NA	NA	NA	NA	NA	NA	NA
