GeneID	Description	GFP22h1	GFP22h2	GFP22h3	GFP25h1	GFP25h2	GFP25h3	GFP28h1	GFP28h2	GFP28h3	GFP34h1	GFP34h2	GFP34h3	GFP37h1	GFP37h2	GFP37h3	GFP40h1	GFP40h2	GFP40h3	GFP46h1	GFP46h2	GFP46h3	GFP56h1	GFP56h2	GFP56h3	pcrtB22h1	pcrtB22h2	pcrtB22h3	pcrtB25h1	pcrtB25h2	pcrtB25h3	pcrtB28h1	pcrtB28h2	pcrtB28h3	pcrtB34h1	pcrtB34h2	pcrtB34h3	pcrtB37h1	pcrtB37h2	pcrtB37h3	pcrtB40h1	pcrtB40h2	pcrtB40h3	pcrtB46h1	pcrtB46h2	pcrtB46h3	pcrtB56h1	pcrtB56h2	pcrtB56h3
Niben261Chr01g0027018.1	Cytokinin riboside 5'-monophosphate phosphoribohydrolase	0.212642	0	0.197217	0.085791	0.371416	0.190742	0.143613	0.492634	0.27297	0.578289	0.673165	0.373121	0.269139	1.560661	0.93527	2.401526	3.069503	2.585748	1.965054	2.573092	2.279872	1.236254	2.684056	1.457592	0	0.514186	1.38456	0.793789	0.352564	0.326808	0	0	0.232699	0.85291	0	0.418737	0	0.386733	0.404049	0	0.18197	0	0	0.312157	0	0	0.238143	0
Niben261Chr01g0234004.1	chorion class high-cysteine HCA protein 12-like	0.221833	0.21541	0.259458	0.752166	1.046536	0.725234	1.264142	1.009456	1.76207	13.788029	7.344727	9.782724	11.88921	11.311282	11.639811	10.041431	13.687077	10.169908	5.945662	7.735854	8.627466	5.878886	8.2533	6.211354	0	0.178434	0.198424	0	0.339722	0.116634	0.165009	0.459611	0	0.498522	0	0.288693	0.696806	0.555102	0.341882	0.408062	0.380687	0.822231	0.227646	0.5132	0.218881	0.198728	0	0.442657
Niben261Chr01g0554008.1	protein RETICULATA-RELATED 1, chloroplastic-like	8.845612	8.998976	11.965076	13.148479	11.877104	9.882163	9.460144	12.407809	10.820269	16.063731	17.762481	17.564222	15.993158	18.486264	15.738207	15.672817	16.197241	15.946699	16.173519	19.727907	14.482826	17.753529	18.402971	15.706935	8.062167	7.816898	9.487307	8.200808	9.932087	7.516697	7.489195	10.220643	7.57274	10.414931	10.894175	12.46416	12.683087	11.994897	12.046866	11.212136	12.871441	12.59907	9.262022	11.192917	10.202511	8.897544	8.66132	8.603743
Niben261Chr01g0602008.1	activator of 90 kDa heat shock protein ATPase homolog	0.541331	0.381495	0.073593	0.276567	0.593681	0.462839	0.537844	0.586757	0.522054	1.932858	1.098273	0.9904	1.154172	0.990288	0.617089	1.870994	1.709458	2.042482	1.103515	1.29672	1.523478	1.965982	2.296947	1.008254	0.609856	0.103788	0.357468	0.250124	0.396736	0.170322	0.049345	0.135405	0	0.212102	0.262082	0.17478	0.593039	0.108239	0.453596	0.304688	0.269946	0.627444	0.193725	0.309951	0.62089	0.68797	0.29166	0.539061
Niben261Chr01g0733005.1	Glycosyltransferase	3.311532	2.74506	1.133616	1.314539	1.841702	1.22126	1.34246	2.572789	2.405874	4.03969	1.949939	4.066914	6.564225	4.417335	4.809833	8.624568	17.113463	12.620532	5.89308	9.13681	7.125263	9.830407	10.724784	9.86284	0.707823	0.682158	0.830827	0.842817	0.556614	0.806858	0.720953	0.613592	0.855777	0.771422	0.908344	0.525564	1.437666	1.21267	0.840231	1.077166	1.593985	1.227428	0.663085	0.809705	0.398471	0.687387	1.076245	0.805853
Niben261Chr01g1080014.1	periodic tryptophan protein 2 homolog	6.415785	9.271797	4.865589	11.463606	8.690573	9.234112	10.747758	9.964584	6.077258	24.009748	27.713934	24.674451	24.171417	32.954198	24.773428	25.000582	29.36741	26.173714	23.090052	19.626008	16.008977	9.51527	9.344087	6.887986	2.299365	2.768035	1.387782	3.348029	2.552425	2.398212	2.007086	3.075658	2.288788	6.499657	7.841374	8.868841	7.945318	5.201715	10.039706	3.649389	4.538213	4.056092	6.563748	3.990211	4.62983	4.975073	3.906957	5.131737
Niben261Chr01g1134008.1	Heat shock 22 kDa protein, mitochondrial	42.714234	75.404852	17.111518	104.356909	109.625157	60.756925	147.319265	91.649224	53.734454	465.586551	420.446541	418.382261	595.698567	639.909759	515.873933	597.649711	712.203843	569.632422	665.219296	600.193475	455.367549	243.569514	256.186477	168.832592	2.780984	3.550326	1.535363	8.041889	6.285208	1.998368	5.01601	6.096633	3.377569	35.646382	50.493587	46.800164	106.292127	35.588941	113.036106	21.652052	33.34734	24.537551	149.700838	65.281825	80.567885	55.577536	47.307547	57.125949
Niben261Chr01g1364017.1	AT-hook motif nuclear-localized protein	3.247532	3.524493	1.04268	3.324994	3.054142	2.394046	6.531683	7.186143	3.161257	32.033813	30.570344	30.889376	38.99533	44.98523	38.238188	40.870764	73.655466	34.739267	45.606785	48.744267	40.409376	39.75072	33.330855	23.426186	0.590862	0.409754	0.341745	0.822669	0.552596	0.301317	0.615753	0.703632	0.809618	1.574106	2.546219	1.657385	5.20046	1.699645	7.016796	2.576945	3.278278	2.407412	2.744519	1.0803	2.136211	1.711344	1.549426	1.588305
Niben261Chr01g1745006.1	beta-fructofuranosidase, insoluble isoenzyme 1-like	0.064452	0.062585	0.075383	0.043707	0.152031	0.105355	0	0.059082	0	0.062593	0.177828	0.127266	0.056628	0.214064	0.10736	0.299225	0.305896	0.098492	0.032084	0	0.122275	0	0.082687	0	0	0	0.05765	0.064052	0.065802	0.101661	0.047942	0.044512	0.204866	0.07242	0	0	0	0	0	0	0	0	0.066141	0.049702	0	0	0.07468	0
Niben261Chr02g0314006.1	Rubisco large subunit-binding protein subunit alpha, chloroplastic	107.538282	126.059303	102.972032	119.352383	156.424098	149.340431	136.711971	139.711999	119.567957	188.30112	145.560169	189.051154	168.281929	205.688947	163.044995	294.866806	409.411079	427.878697	255.792037	299.030367	228.644629	203.924016	188.636621	168.520734	88.034883	101.217912	82.091588	76.949377	97.802175	97.547564	63.641945	50.958446	72.817214	70.37835	47.321539	56.271	57.934722	80.367199	64.449399	69.56205	100.263255	73.674811	111.96654	95.721585	88.713202	82.592932	82.990727	82.481208
Niben261Chr02g0408003.1	ubiquitin domain-containing protein DSK2-like	0	0	0.069686	0.101009	0.023423	0	0.169763	0.081337	0.059158	0.549696	0.698651	0.470591	0.366436	0.759502	0.446606	0.864407	0.848332	1.160869	0.887166	0.734801	0.960783	0.994162	0.611353	0.579257	0	0.023962	0	0	0.030414	0.015663	0.022159	0.020574	0	0.033474	0.024817	0	0.031192	0	0.091823	0	0	0.022084	0	0.022973	0	0.026687	0	0
Niben261Chr02g0744003.1	Nucleoredoxin	10.223228	13.416254	12.007183	36.317123	25.258426	21.88547	37.620042	41.75211	23.826465	73.362905	74.766087	65.600103	76.255087	74.720238	74.316165	63.250506	33.700708	33.533335	45.64661	44.531713	32.784935	44.294244	42.804344	39.790424	1.984554	3.33743	4.170463	11.945248	7.817151	8.568669	8.908991	13.057336	9.562865	33.260166	39.945435	27.49966	38.158712	16.412439	37.708198	9.520831	9.139044	15.791251	25.547414	14.876651	16.207027	27.053762	31.472567	27.740488
Niben261Chr02g0789009.1	non-functional NADPH-dependent codeinone reductase 2-like	1.179453	2.219019	0.948403	1.949586	2.898057	2.168975	3.220599	4.058888	3.366861	10.953372	9.966088	13.294431	15.738511	16.368847	15.410378	18.994075	21.691682	15.151382	8.671396	12.351645	9.090273	12.662034	16.975723	14.448359	0.380007	0.237176	0.197811	0.512811	0.978384	0.387578	0.493496	0.30546	0.468627	0.496981	0.859726	0.479668	1.775221	0.491899	3.12423	0.4746	0.885523	0.819689	0.756475	0.28423	0.14547	0.858493	0.597898	0.809029
Niben261Chr02g0809005.1	dnaJ homolog subfamily B member 1-like	6.400642	5.76465	3.421938	6.391837	10.393896	7.881098	9.004522	7.244825	9.135388	9.549506	8.520278	12.23172	10.398632	9.811345	8.693382	15.202694	18.151312	17.802957	6.223236	10.553503	11.440116	14.192586	14.378589	15.904594	6.468388	3.737855	4.076843	3.503265	8.111576	6.481968	3.117053	3.903973	3.326532	7.585677	5.260856	3.388064	5.06206	6.88122	4.56092	7.772243	7.649358	4.879518	3.503329	4.48389	4.935596	2.422664	3.617958	2.574319
Niben261Chr02g0919011.1	MADS-box protein CMB1-like	5.254439	6.083497	4.491034	6.441215	8.103999	5.615951	9.405183	9.748097	8.628356	53.973599	33.734654	49.615834	37.287986	46.039051	23.901227	79.047354	75.089	65.626792	61.88966	63.943114	64.795155	66.847873	68.058976	59.887368	8.126021	4.846991	6.869169	13.456327	7.118319	5.206518	6.013029	5.443269	8.565021	2.270812	1.515189	2.367041	4.443613	2.191399	2.491682	3.34576	5.202182	3.74533	8.71036	5.610402	6.380945	7.060743	10.771573	8.266991
Niben261Chr02g0948003.1	Heat shock protein 90	41.728729	51.753739	33.995742	50.443245	63.789281	53.850944	49.166803	41.825446	46.544977	54.389731	48.488178	56.727326	50.687103	52.097142	44.069472	65.783946	96.25085	100.293551	90.843834	101.000265	89.394709	89.363685	85.654832	92.953654	32.956432	44.274868	27.176051	38.024598	38.959681	37.879067	23.137146	17.007181	25.641453	25.925823	19.006458	20.199197	22.361969	24.795534	25.436855	25.88668	36.313035	27.962332	72.015205	48.773986	47.929029	40.644858	42.04293	42.52291
Niben261Chr02g1131001.1	Protein-serine/threonine phosphatase	0.359052	0.232453	0	0.162324	0.141158	0.145827	0.397853	0.326775	0.118835	0.406818	0.330221	0.393881	0.578357	0.442938	0.249204	0.625106	0.324593	0.54869	0.207921	0.407188	0.227059	0.293685	0.307093	0.23272	0.185092	0.144411	0.214109	0.118942	0.122192	0.18878	0.222565	0.454613	0.12681	0	0.299109	0.077878	0.187971	0.149745	0.27668	0	0.154042	0	0.06141	0.184128	0.059046	0	0	0.059706
Niben261Chr02g1347012.1	Mechanosensitive ion channel protein	0.33411	0.364989	0.048858	0.311536	0.393708	0.102403	0.475991	0.227947	0.45614	1.135671	0.749062	0.852184	0.916731	0.858217	0.810935	1.454246	2.718634	1.28388	0.476631	0.817005	0.87162	1.188833	1.232319	1.136774	0.172234	0.33593	0.186783	0.498057	0.298471	0.373337	0.186393	0.173103	0.664153	0.56265	0.27833	0.054362	0.480809	0.452776	0.482522	0.307297	0.46584	0.247729	0.128574	0.28972	0.329646	0.112259	0.24168	0.458355
Niben261Chr03g0008020.1	Nucleotide-sugar transporter	12.374948	10.214119	3.618454	4.615545	6.324598	1.517141	2.350669	1.126249	1.228712	3.605457	6.828751	10.588762	14.678233	14.757234	11.852776	18.672014	28.108065	18.438145	10.748834	8.420371	6.456229	16.397658	19.845246	17.806245	15.948276	8.460822	7.194893	3.689465	2.842701	2.277245	2.30125	1.281967	0.655585	4.171505	1.546344	5.636658	3.239272	3.096633	3.337575	4.552738	4.778231	6.88021	9.524418	2.86288	5.494623	7.760224	15.772639	11.729448
Niben261Chr03g0035008.1	F-box protein At3g07870	0.030129	0.08777	0	0.122589	0.094759	0.073875	0.228924	0.150813	0.089745	0.614468	0.623467	0.396618	0.767677	0.446016	0.401498	0.524541	0.428989	0.690629	0.822483	0.333139	0.400115	0.680169	0.657107	0.37494	0	0	0	0	0.01538	0	0	0	0	0	0	0.03921	0	0	0	0	0	0	0	0	0	0	0	0
Niben261Chr03g0121001.1	FAM10 family protein At4g22670-like	18.916872	23.506617	20.545068	27.170403	27.802161	24.193345	33.397784	28.437847	23.900588	47.822109	41.227893	46.786437	42.260179	50.44818	40.928105	57.455879	74.447487	68.230399	59.00761	69.398265	54.786559	62.507538	66.933378	52.893572	12.580478	13.392182	11.950812	11.851556	14.008563	11.554706	10.060473	10.351663	9.273113	14.314995	10.073573	14.274352	13.107769	14.353659	14.278917	19.251681	23.571236	19.137768	27.328548	23.472685	25.161782	25.101961	23.664826	23.64416
Niben261Chr03g0155006.1	Microsomal prostaglandin E synthase 2	2.436592	2.807965	0.976308	2.858441	3.198449	3.743336	2.880273	3.702001	2.300853	3.376162	4.018262	4.007826	3.382627	4.347769	3.879091	4.321839	3.888308	4.091496	3.061805	3.026523	1.925966	3.652156	2.906411	3.989857	0.891038	1.81784	1.583231	1.477113	1.735242	2.860161	2.028265	2.46691	2.183751	2.09707	3.377695	3.205751	3.047101	2.274606	2.258434	2.308182	2.243279	2.198699	2.467751	1.802827	2.277526	2.671236	2.728623	2.201331
Niben261Chr03g0183006.1	large proline-rich protein BAG6	9.293349	10.726593	7.900492	14.940587	15.223518	12.415581	13.497921	17.460929	14.038625	25.770597	23.500227	23.865208	24.196673	24.224946	21.685982	26.941773	30.778501	29.634699	27.650725	30.126919	26.4711	22.09101	25.126318	21.451841	5.996543	6.887526	6.293024	8.391763	7.999985	6.746677	5.223152	5.551459	5.58962	8.961488	10.423247	8.236613	12.686688	8.537131	11.819624	8.587137	10.475674	9.449026	9.737565	8.064597	9.898613	8.535057	7.867738	7.086479
Niben261Chr03g0287036.1	Serine/threonine-protein kinase	5.506793	6.670601	3.209145	7.456439	5.349424	2.243133	0	2.482817	8.171996	29.387989	20.84124	24.445317	31.355324	35.027037	35.501938	65.786496	53.127055	32.557649	29.358961	49.091244	20.874287	47.235907	60.96303	34.152612	2.838763	4.415911	3.694261	0	2.811085	2.167167	0.98548	3.794687	7.281908	9.273636	11.458741	7.16653	21.604318	12.630373	11.659991	12.662504	15.328397	17.332849	5.648397	7.427066	10.86405	4.933232	19.094969	5.490198
Niben261Chr03g0825007.1	Calcium-transporting ATPase	0.887733	0.516729	0	0.601452	0.278896	0.886791	0.505469	0.322856	0.176113	4.135969	0.733989	3.851784	1.713977	1.458788	0.443144	1.235012	0.841844	0.677752	1.93628	1.961167	2.187366	1.935871	1.137511	1.241664	1.567191	0.714522	0.475996	0.176379	0.362347	0.368987	0	0.122474	0	0.399347	0.147749	1.615758	0.185825	0.591956	0.410136	0.815996	1.370072	0.65754	0.182068	0.136777	0.175036	1.227626	0.205475	0.353911
Niben261Chr03g1204001.1	Rubisco large subunit-binding protein subunit alpha, chloroplastic	86.095126	80.562486	61.079766	68.854216	85.116459	90.846652	67.328919	66.510911	62.658362	71.39929	52.090335	75.467806	68.905708	82.405982	67.650362	137.459629	211.53437	239.189342	140.518859	157.964505	117.665923	102.933226	97.383188	88.514233	74.62401	86.721717	59.864584	53.204138	60.805643	64.200332	33.864852	26.442032	39.550073	33.009019	18.665495	23.342867	24.235384	36.570325	27.554823	36.592042	55.713932	39.162637	74.235963	58.774827	55.577135	37.837942	44.67395	39.200578
Niben261Chr03g1329003.1	Splicing factor u2af small subunit b	6.996403	8.461609	3.523431	8.940113	11.986157	7.393583	11.039693	10.296578	7.310053	35.356763	31.157908	28.943016	36.533828	33.437791	31.942127	45.796568	66.710176	44.665983	42.608354	48.67847	40.36714	61.741008	56.500852	50.1688	4.75571	5.1193	4.447705	11.264728	7.210563	6.227105	5.874922	5.211673	6.471347	9.617762	10.628247	9.914938	21.248751	10.673357	15.928746	13.843834	22.743777	16.009092	13.362019	10.935621	11.096684	18.161519	15.716099	16.072673
Niben261Chr03g1481017.1	Mechanosensitive ion channel protein	0.79064	0.541633	0.435924	0.421244	0.460662	0.182561	0.191497	0.351535	0.353532	0.638166	0.915932	1.076646	1.052565	1.180223	1.145864	1.527779	1.811508	1.349522	0.609635	0.815902	1.024163	0.556318	0.74329	0.560156	0.880764	0.674054	0.449543	0.171592	0.350309	0.257583	0.208157	0.178825	0.324747	0.311841	0.149617	0.299409	0.539017	0.393794	0.587138	1.029097	0.609378	0.888009	0.221261	0.629443	0.408118	0.571782	0.675115	0.562681
Niben261Chr03g1491010.1	17.3 kDa class ii heat shock protein	45.797068	68.533917	19.598653	82.396826	70.314913	51.904639	105.550496	98.728188	55.936013	353.228903	340.386928	335.381541	440.277986	512.666215	398.36855	409.180461	573.135054	455.715742	350.529955	288.634394	263.151224	205.743221	205.580703	149.962871	1.151698	2.246263	0.624614	5.13555	3.814171	3.597949	14.440566	5.641999	10.284259	27.497466	50.648048	41.610819	40.942186	15.900472	69.454244	8.221028	9.106602	8.79952	117.040429	26.168445	31.418553	20.517705	11.731471	18.600336
Niben261Chr03g1837004.1	transcription factor RF2b-like	1.019679	0.736377	0.900503	0.388796	0.496447	0.462113	0.269012	0.60568	0.281209	1.112886	1.172201	1.01349	1.152313	0.838584	1.273736	1.117651	1.440359	1.233805	1.464913	1.663553	1.463998	1.278936	1.167466	1.15269	1.167493	0.729036	0.867449	0.900274	0.753008	0.535706	0.168536	0.273866	0.360097	0.462882	1.132731	0.529444	1.359892	0.707979	0.938871	0.684358	1.032554	0.839869	1.162868	0.6986	0.614791	0.583776	0.328182	0.565276
Niben261Chr04g0081016.1	desumoylating isopeptidase 1	60.019663	88.207119	75.157441	117.117729	101.02167	89.913128	124.027506	132.971522	93.217212	230.153818	231.281107	193.600831	215.228593	187.796203	177.974965	120.549015	122.459887	143.234798	159.114563	146.729695	160.991573	118.529588	111.104534	107.325216	29.506176	34.955772	27.979404	90.361476	31.080505	29.380873	43.687069	60.128674	49.302326	121.67581	170.478555	151.902526	190.660859	85.268247	179.876223	70.525014	64.07922	77.545478	96.283743	59.981218	66.823438	106.439409	66.55651	99.535947
Niben261Chr04g0210001.1	Chaperonin-60 beta subunit	55.341821	61.911598	42.700152	61.859318	73.104921	71.632965	56.644674	56.371155	48.133523	56.596572	56.440618	58.830618	44.881473	66.844753	46.100609	85.733586	125.46118	134.209899	96.870107	95.590737	72.69724	57.917628	65.346933	60.921999	49.538348	61.166255	40.165024	35.034877	48.810984	55.101016	33.460655	21.48468	39.585641	23.819441	20.517101	23.268587	17.74445	25.368567	24.372229	26.132322	43.977053	30.077549	45.336091	40.838147	32.244922	34.270954	30.93588	32.557991
Niben261Chr04g0264008.1	photosystem I subunit O-like	0	0.436916	0.263129	0	0	0.367748	0.641078	0.409497	0.223376	1.948967	1.553526	1.332693	1.581305	4.070478	1.124241	2.088928	1.982966	1.375553	0.334989	0.574198	0	0	0.577248	0.349958	0.463895	0.180959	0	0.447155	0.229686	0.946275	0.334688	0.155371	0.238366	0.252789	0	0.292779	0	0.187652	0	0	0	0.166773	0	0	0	0	0	0
Niben261Chr04g0551001.1	Amino acid transporter family protein	2.717207	4.75629	3.052613	8.607053	8.152361	5.259847	7.572376	7.548978	5.928328	16.874897	18.4467	23.297152	33.266091	26.551589	21.5589	26.931362	33.404206	38.409066	49.8827	49.41518	46.496414	22.3539	23.002933	17.96383	1.548171	2.21437	2.65433	2.913545	3.376418	2.838471	2.473275	3.506224	2.197114	5.102007	7.14812	9.026536	18.230648	8.439579	11.213036	7.135727	6.626348	8.216142	10.236399	9.429177	10.124488	11.91475	7.125345	10.558725
Niben261Chr04g0615001.1	Xyloglucan-specific endoglucanase inhibitor protein 2	0.182039	0.618686	0.212914	0.925853	0.286266	0.892702	1.469606	2.692205	0.451867	6.187674	7.408386	6.350356	4.078501	7.934749	3.638763	2.535417	3.085649	2.920937	1.174592	0.696745	0.518033	0.714708	0.233543	0.141586	0.187683	0.073212	0	0	0	0	0	0	0	0.102273	0.303295	0	0	0.07592	0.561104	0	0	0.067473	0	0.140379	0	0.081539	0	0
Niben261Chr04g1538002.1	origin of replication complex subunit 3-like isoform X2	0.939786	1.141025	0.480891	1.274868	1.478258	1.056144	0.948366	1.095857	1.5746	2.395785	1.863694	2.281473	2.012659	2.898341	1.369764	1.704329	2.350025	2.064458	2.216287	2.248119	1.784064	1.671905	1.884315	2.466948	0.60599	1.181407	0.735537	1.401584	1.67963	1.730576	1.398334	1.2172	1.431639	1.451977	0.783066	0.840837	1.414493	0.930867	1.222332	1.6213	1.965554	1.306499	0.964922	1.58553	1.448875	1.42071	1.361154	1.406665
Niben261Chr04g1539003.1	Sucrose transport protein	0.048667	0.141775	0.113844	0.660064	0.306129	0.238661	0.462229	0.420778	0.289932	1.132602	1.745622	1.473517	0.897956	1.435668	0.930714	0.903781	1.48489	2.231151	0.579736	0.703697	0.600144	0.143306	0.124874	0	0	0	0	0	0.024844	0	0.072402	0	0.051565	0	0.121627	0.063336	0.101914	0	0.075005	0	0.041759	0	0.049943	0	0.04802	0.087197	0.056391	0.048557
Niben261Chr04g1664002.1	Alpha-galactosidase	6.46898	9.320145	7.344133	12.357334	11.168136	10.214863	13.730211	13.950098	11.654618	30.838221	31.100923	33.940329	25.232134	32.699013	24.426387	32.356919	30.889786	36.55653	29.508423	31.280227	27.829328	33.078565	30.998758	23.991964	4.518801	3.244126	5.500106	3.273337	4.822323	3.981543	3.237711	4.028259	3.949796	9.723976	9.246592	9.419342	10.233607	10.098381	9.484659	7.936043	9.882937	8.703265	9.664042	11.046595	10.280438	9.124352	9.283313	11.069923
Niben261Chr04g1681006.1	Chaperone clpb	0	0.125392	0	0.029131	0	0	0	0	0	0.743071	0.871792	0.53667	2.292061	2.073549	2.430298	3.33544	5.986327	4.420923	1.021876	1.20236	0.285369	0.505192	0.440211	0.267401	0	0	0	0	0	0	0	0	0	0	0	0	0	0	0.033051	0	0.036803	0	0.044014	0	0	0	0	0
Niben261Chr04g1726010.1	Transmembrane 9 superfamily member	3.175002	3.454958	2.551377	7.548284	4.291828	5.19733	5.210064	6.297653	4.985412	12.393945	13.158817	10.99759	10.345981	9.568714	8.407776	7.16098	6.875296	6.833575	9.697337	10.293352	9.261184	8.034285	11.677321	10.224066	2.465573	3.26382	2.431318	4.090654	3.590647	4.529219	4.932078	5.417249	4.360592	7.30253	7.919607	6.463462	6.433435	5.755404	5.976569	4.348708	3.180736	3.759447	4.740777	4.370107	4.276533	4.414167	4.815873	5.099786
Niben261Chr04g1808011.1	transcription factor MYB1R1-like	1.553755	1.295962	1.004471	1.099868	1.950651	1.376197	0.815701	1.433753	2.274287	4.171084	1.842019	5.465324	5.282317	5.853972	4.451072	7.308301	13.06325	10.003122	3.599133	5.599719	3.438299	10.959793	8.875556	10.317536	1.278166	0.920605	0.768157	0.947968	2.144958	2.447333	1.348121	1.516996	0.911135	0.536363	0.557131	1.495772	1.298286	1.592626	0.661959	1.228266	1.883855	1.344325	0.29464	0.736134	0.564846	1.456923	1.436728	1.713058
Niben261Chr05g0003002.1	Myb family transcription factor efm	8.607476	8.154421	9.249012	8.147159	6.52953	6.983786	8.295528	8.160662	5.92974	3.852128	3.8793	2.799623	3.317659	3.177171	3.205359	7.236162	4.951137	3.88163	2.720533	3.001685	2.997524	7.543727	5.627656	4.459584	10.249607	9.621686	9.180367	8.816394	5.168016	4.918537	5.968619	8.459261	5.266645	4.610787	4.641527	5.661214	4.950654	4.281778	3.969543	8.010251	5.716187	9.954754	8.867494	7.262347	7.545967	12.452809	12.124541	11.081315
Niben261Chr05g0168014.1	CS domain-containing protein	4.234182	5.765786	4.123962	11.198112	9.055637	10.578522	14.861945	11.066506	6.649024	32.259232	34.569654	45.585799	32.689175	51.397217	24.472165	42.906324	42.302138	61.449532	54.954363	38.520204	43.006309	23.640552	31.605538	23.781521	2.258168	1.095898	0.89983	0.411969	1.071573	1.341872	0.401857	0.609073	0.289928	2.137311	2.635159	1.683505	1.419893	0.915602	3.031909	1.013848	1.812341	1.571523	1.964808	2.999306	2.390297	2.779819	2.781771	2.073926
Niben261Chr05g0501015.1	Katanin p80 WD40 repeat-containing subunit B1 homolog	1.454812	1.400965	1.502817	2.544349	2.112891	1.655206	1.528388	1.87837	1.844437	2.673473	2.81143	2.645877	2.825483	2.248223	2.214039	2.045868	2.534806	2.358965	3.138587	3.231877	2.42513	2.701511	2.849983	2.00032	1.50594	1.321911	1.721898	2.093355	2.359695	1.893703	1.728082	2.034905	1.955196	2.083843	2.667113	2.37423	2.287837	1.856549	2.366915	1.584332	2.01116	1.918147	1.943922	2.049712	1.860691	1.649797	1.949894	1.641069
Niben261Chr05g0648005.1	ubiquitin-conjugating enzyme E2 7-like	48.873761	54.794951	48.510359	63.384346	59.893734	41.182112	51.133379	44.813713	53.107267	117.564306	122.202667	127.848385	142.921896	136.270934	113.9192	120.957602	125.397414	124.293191	143.380837	164.107631	152.21088	136.014611	142.922452	107.508993	41.003365	40.718514	36.168288	46.993825	42.257252	28.590834	29.796134	23.934747	33.188075	64.175477	73.644723	91.603514	105.900551	73.259864	92.240545	74.73157	71.425639	84.54452	66.853275	69.66665	74.206505	64.999985	57.92712	56.315223
Niben261Chr05g0824003.1	NB-ARC domain-containing protein	0	0	0	0	0	0.017808	0	0.019829	0.021633	0.16928	0.240462	0.057364	0.134003	0.125433	0.05444	0.126443	0.147728	0.083239	0.054072	0.037064	0.020668	0.021386	0.027953	0	0	0	0	0	0	0	0	0	0	0	0	0	0	0	0.01679	0	0	0	0	0	0	0	0	0
Niben261Chr05g0829006.1	Thioredoxin domain-containing protein	296.351843	313.520145	185.663322	448.606021	295.467117	402.284705	482.571391	471.159721	336.251703	812.093009	919.969534	1203.871031	1036.935382	1204.295776	753.712399	1099.502741	940.146714	1148.64164	981.378585	868.77658	973.881044	1096.014124	1188.209239	1041.466818	130.933396	131.959799	108.862575	199.868767	197.24402	217.037635	216.483001	239.802296	188.652516	291.331194	242.497673	289.206852	387.814516	251.622339	432.278034	311.492726	276.949735	325.586453	298.66258	322.345041	365.543921	237.004696	300.433955	332.642906
Niben261Chr05g1054005.1	10 kDa chaperonin-like	344.669074	382.717863	348.719245	397.757203	410.606313	402.838167	412.148474	361.658412	396.58264	385.246473	336.107697	430.796157	317.620198	449.814559	326.012133	471.719101	561.407448	622.630581	539.292866	682.554888	561.636912	559.945612	551.217989	554.638029	332.845997	318.072334	291.109192	191.056963	313.099161	336.885942	244.967234	238.537565	310.372922	208.50108	150.196168	225.66049	151.683315	238.1156	203.212292	258.079648	252.598065	222.316074	253.351845	275.735338	277.557422	224.316449	245.701267	230.959389
Niben261Chr05g1061014.1	DNA replication ATP-dependent helicase/nuclease	0.225641	0.507913	0.143917	0.4661	0.476781	0.158418	0.493266	0.616621	0.660154	2.295866	2.242363	3.052022	2.232654	3.309673	2.141121	4.839918	4.193082	4.38767	2.479739	2.857209	1.759683	1.455982	3.005464	3.013985	0.275504	0.217433	0.333159	0.29575	0.157911	0.180385	0.159737	0.11196	0	0.142518	0	0.321858	0.264242	0.049565	0.232026	0.382946	0.355028	0.104778	0.146352	0.268162	0.457988	0.166105	0.202045	0
Niben261Chr05g1135010.1	Chromatin-remodeling complex ATPase	68.797915	102.778086	55.707561	154.311407	112.349692	147.062657	145.763254	134.31391	68.30962	221.001918	255.527617	233.378476	209.238238	261.140154	334.983831	245.693585	215.289656	424.580614	220.642641	333.089903	225.89818	249.331895	312.313142	255.198637	49.108811	68.108633	37.869496	89.411032	72.936695	97.386378	90.534517	65.787985	56.072169	71.353046	70.536465	34.435956	83.116478	75.042272	77.482754	73.009102	63.566939	82.385022	48.877417	89.780268	46.995515	52.150372	91.968672	73.92146
Niben261Chr05g1238006.1	protein FAM32A-like	15.026921	21.253261	11.080258	18.165316	27.226651	13.616758	23.580005	24.081756	17.190742	83.120686	71.65511	77.835762	100.456218	101.016795	81.622942	109.575743	165.89631	105.832059	75.395432	87.800517	77.158598	81.12176	85.915022	64.282079	8.756808	8.671143	7.304993	8.440812	5.836541	5.839684	6.317799	7.219453	6.576294	12.113071	12.246051	8.502612	19.154205	12.806638	22.655532	15.022821	18.780115	13.561172	12.738831	9.824608	9.347428	17.266208	16.654558	20.207586
Niben261Chr06g0267016.1	Non-specific serine/threonine protein kinase	2.265046	2.291942	1.974324	2.999138	2.954863	1.507162	3.404065	3.732841	3.003797	17.165411	13.42326	16.253242	10.974478	15.767603	9.4565	13.168761	15.989896	12.427151	15.694203	14.155718	11.485488	7.083777	7.983912	5.569654	2.996828	2.874515	2.198045	1.639085	2.374151	1.784498	1.214337	1.338806	1.601789	1.843743	1.665613	1.605718	2.141259	2.32183	2.116925	2.877052	2.652313	2.810242	1.729314	1.917147	2.756149	2.131225	2.328654	1.935058
Niben261Chr06g0367001.1	heat shock 70 kDa protein, mitochondrial-like	14.82074	20.550145	10.61349	27.093425	20.393991	17.559808	26.090668	24.225366	14.562984	50.925286	63.023923	46.739716	41.482492	51.717296	44.513835	39.510256	39.847256	38.645015	33.615111	29.844616	29.566703	25.166995	26.300163	21.730338	7.017688	8.454149	5.493937	10.400601	8.655688	6.22305	8.413941	10.269999	7.922067	26.830348	46.647472	40.595116	41.564889	26.873174	46.560912	28.865103	32.18854	31.284243	24.933564	20.140909	19.793196	27.088073	24.594207	29.647854
Niben261Chr06g0443002.1	ruBisCO large subunit-binding protein subunit beta, chloroplastic-like	49.586994	47.897659	46.931215	42.97457	51.717852	46.132928	36.008573	36.443865	41.832013	45.929345	40.357265	45.06384	42.906383	44.462665	36.57923	51.085449	70.12057	72.077514	57.08691	69.616619	57.709663	48.7563	49.429711	44.920447	43.183286	50.754821	48.001948	36.11035	46.646888	40.623868	27.573194	26.335489	33.417478	23.492196	18.16207	19.855262	18.1158	24.236194	20.030503	24.107849	33.20895	24.987585	33.644404	31.270027	29.683966	25.996134	26.439448	25.500599
Niben261Chr06g0562007.1	Aldose 1-epimerase	15.452099	15.978986	31.138543	17.01076	14.832037	14.269455	17.916069	17.53311	15.342427	10.654057	13.657622	14.089122	14.928144	12.653099	16.379538	8.773207	8.889438	5.724437	11.155645	11.26519	11.484891	11.030354	14.460339	11.914291	16.413938	13.074709	45.473324	19.810273	16.902698	11.500626	14.479341	21.574192	9.001081	18.640405	26.246282	33.34145	38.101173	19.863264	33.401817	24.301994	25.828506	23.55408	18.465522	31.41458	28.446887	39.190973	34.490841	38.909409
Niben261Chr06g0688010.1	protein TAPETUM DETERMINANT 1-like	0.167937	0.163074	0.392841	0.113884	0.132045	0	0.159502	0.331344	0.33349	1.957148	2.326638	3.532984	3.983887	5.524593	3.36518	5.847529	8.0844	6.67251	2.913631	3.542531	5.097644	2.469298	4.841684	1.959274	0.173144	0	0	0.166484	0	0	0	0	0	0	0	0	0.175837	0	0.12941	0	0.2175	0	0	0	0	0	0	0
Niben261Chr06g0733013.1	Small heat shock protein, chloroplastic	0	0	0	0	0	0	0.122098	0	0	0.374548	1.064095	0.846154	1.921226	2.114534	1.391917	2.090086	3.92235	3.87279	3.700959	4.045759	1.585285	1.388162	1.731743	0.100016	0	0	0	0	0	0	0	0	0	0	0	0	0	0	0	0	0	0	0	0	0	0	0	0
Niben261Chr06g0899001.1	AT-hook motif nuclear-localized protein	0.748563	0.519205	1.000599	0.7977	0.252248	0	0.101566	0.340635	0.530893	1.765529	1.917836	1.337341	0.939565	1.934846	0.801589	0.868826	0.942576	0.653671	0.318465	0.727642	0.405754	0.104963	0.82316	0.582218	0.661518	0.602114	0.478264	0.318823	0.818836	0.168675	0.397723	0.147707	0.339912	0.12016	0.623591	0.974178	0.895744	0.356792	0.57683	0.295067	0.73406	0.317093	0.21948	0.659718	0.211029	0.670596	0.371723	0.426777
Niben261Chr06g1031019.1	Heat shock protein 90	9.408318	11.550179	8.900379	13.582296	13.809471	12.332533	17.436757	18.132384	14.371132	36.774985	35.042387	38.970405	35.243114	51.201335	39.11356	42.927716	43.760231	49.119941	36.824839	37.657766	30.25872	52.897039	54.881854	54.114732	2.605713	2.603385	2.109882	3.927379	3.103014	2.663985	3.490986	2.294683	4.962244	4.393582	6.087391	6.603376	6.706501	5.814785	11.725575	3.855193	5.903757	4.36739	10.029899	7.142396	7.067532	8.26346	6.213248	8.305139
Niben261Chr06g1114007.1	Chaperone protein like	2.896242	1.620748	0.785365	1.910133	2.519545	1.456756	1.471926	1.315264	1.04715	6.058175	5.256378	5.966802	14.413603	15.952866	13.279263	24.036578	40.319846	26.507298	17.277039	17.54505	12.422866	8.170042	6.22046	4.039467	1.064231	0.648128	0.497655	0.438521	0.710215	0.509774	0.399715	0.23848	0.304909	0.301801	0.239732	0.19974	0.440511	0.272043	0.898391	0.559779	0.85091	0.496764	1.53402	1.153865	0.907274	0.669467	0.51128	0.591857
Niben261Chr06g1257019.1	WD-repeat protein	0.239749	0.527696	0.186942	0.921302	0.578096	0.718489	0.910826	0.800055	0.491965	3.430474	3.042868	3.92404	2.752447	3.259954	2.263049	2.355995	2.145725	2.332592	1.515233	1.590559	1.394848	2.431658	2.881016	1.765273	0.082394	0.051425	0.014297	0.174726	0.212136	0.050421	0.154557	0.187654	0.169349	0.862056	2.090438	1.66405	1.054316	0.519943	1.477975	0.72033	0.905152	0.47394	0.574074	0.456044	0.457347	1.446173	1.055624	1.70632
Niben261Chr07g0378013.1	17.3 kDa class II heat shock protein-like	37.548695	63.497414	16.380559	92.674718	77.182936	65.578873	153.68892	108.392454	65.157169	420.519738	420.78981	406.566476	475.766584	609.138853	475.277934	469.078058	601.760192	530.399332	358.561917	303.605869	259.235414	285.740764	260.505471	160.184059	0.74227	0.663804	0.135523	1.6775	1.675621	0.686217	2.287595	2.241013	1.502108	24.348673	28.655715	28.48284	22.687058	7.426041	49.807132	2.385323	2.598283	2.184883	32.384628	7.986063	9.976267	7.342946	3.237382	6.241984
Niben261Chr07g0378025.1	17.3 kDa class ii heat shock protein	53.052375	91.446168	20.430065	79.427817	76.456189	42.495894	130.492177	104.620126	59.233281	526.807884	510.356184	487.143997	619.017216	795.878025	615.973596	614.75387	892.890743	690.788013	460.807321	382.266802	296.921542	370.757006	327.37746	223.022266	1.536726	0.857313	0	1.058885	0.978304	0.336128	2.215808	3.823262	0.451307	24.772966	29.05848	34.393771	20.963056	9.413364	58.942216	4.303495	5.662398	2.997081	98.021613	19.050989	21.846768	8.837197	5.423183	14.024262
Niben261Chr07g0378026.1	17.3 kDa class ii heat shock protein	2.188903	4.473837	1.795523	3.869392	5.843185	0.709816	6.244097	8.350738	4.340031	51.035081	63.687505	46.253856	65.418083	73.326206	73.407513	95.000178	101.071064	70.980579	11.288372	14.891013	10.83897	14.020282	19.348626	13.681818	0	0.6914	0	0	0	0	0.212439	2.177427	0.60424	1.28376	2.479715	4.83098	2.393412	0.952875	9.073443	1.050706	0.490158	0.211713	0.58668	0.916551	0	0.511698	0	0.432377
Niben261Chr07g0826006.1	Plant intracellular Ras-group-related LRR protein 4	1.584014	2.391315	1.61287	2.401947	1.372573	1.052624	0.711296	0.929315	1.014634	2.189951	2.121329	1.948951	3.019055	1.879082	2.117442	2.554506	2.753725	2.821865	2.352332	2.85007	1.968982	2.332149	2.365566	2.998603	2.388552	1.730883	1.859396	1.518324	1.837753	1.293987	1.589348	1.337901	1.168433	1.341635	1.591471	1.107239	1.733986	1.426613	1.568162	1.602455	1.146678	2.128933	1.974811	2.290181	1.955179	1.387024	1.45969	1.070801
Niben261Chr07g1027009.1	4-coumarate--CoA ligase-like	5.753314	6.072519	2.535608	6.163288	7.605069	5.860826	7.444148	6.943542	5.71248	10.365127	7.246819	8.945715	10.256369	10.08045	8.125193	15.387588	18.43017	15.163002	12.539827	15.318653	15.581456	11.703337	15.885414	12.516518	3.610594	3.35343	4.027452	4.888996	6.640013	5.173081	4.713711	3.109603	7.155985	3.091798	4.514958	3.255371	6.111263	5.424862	5.204435	5.981814	8.013058	7.973624	4.192749	6.622846	5.347667	4.481806	3.574695	5.65703
Niben261Chr07g1305014.1	dnaJ homolog subfamily B member 1-like	2.365782	2.837149	0.732386	1.663318	1.723329	0.72485	1.338155	1.243789	1.08804	9.241902	7.728008	11.135785	21.120561	23.770618	18.843873	22.381408	41.622916	28.979484	16.244836	18.093218	13.90734	12.547738	14.822785	10.606728	0.591796	0.167892	0.280084	0.311149	0.346288	0.19205	0.077645	0.288304	0.276496	0.644972	0.30429	0.611194	1.256685	0.652883	2.010217	1.506411	2.015136	1.469699	1.201429	1.086474	1.184213	2.337565	0.846406	1.874437
Niben261Chr07g1356001.1	3'(2'),5'-bisphosphate nucleotidase	2.631868	2.260617	3.063919	2.917454	3.844478	3.386798	2.261823	2.252627	2.761281	2.198242	1.820245	2.766984	2.724469	2.197445	1.780531	5.054063	6.148553	4.784056	5.508452	6.330791	5.21307	3.71222	3.895467	4.070858	3.015892	2.600661	4.261311	2.739764	3.125406	2.692465	1.334253	1.174414	1.274721	1.133844	1.39793	1.068048	1.678546	1.947108	1.812543	2.712787	2.297133	2.078319	1.684842	2.285782	2.693629	1.634032	2.607712	2.297075
Niben261Chr07g1369022.1	protein HEAT-STRESS-ASSOCIATED 32-like	0.088655	0	0.102925	0.235661	0.34596	0.215785	0.334332	0.439424	0.262136	0.938366	0.971191	1.22213	2.009341	1.304448	1.39264	1.940646	2.327167	2.084577	3.053523	2.985599	2.335417	2.073085	3.046584	2.119024	0	0.212359	0.078726	0	0	0.046268	0	0	0	0.098885	0.439834	0.343556	0.460743	0.073402	0.339043	0.728469	0.451211	0.260965	0.09031	0.475049	0.173666	0.473024	0.509805	0.175612
Niben261Chr07g1465002.1	WD_REPEATS_REGION domain-containing protein	0.745558	0.759811	0.523085	0.904594	1.171792	0.822245	0.743441	0.76295	0.887981	2.134991	2.107867	2.060384	2.783549	2.666132	2.73091	3.070799	3.233751	2.676701	2.14544	2.788765	1.767819	1.755672	3.146802	2.86935	0.30733	0.509455	0.566969	0.888966	0.684697	0.411358	0.277297	0.334445	0.197397	0.67	1.428331	1.309509	1.755555	1.21206	1.320766	1.508167	1.831816	1.38109	0.433488	0.804477	0.514713	1.034784	1.165532	1.189689
Niben261Chr08g0035013.1	MYB transcription factor	0.761887	0.517881	0.267332	0.774995	0.958488	0.871786	0.361809	0.901415	0.832232	1.701822	1.156169	0.852566	1.004104	0.68925	0.888379	1.591728	1.704854	1.688216	1.761926	1.166436	1.156335	1.495635	1.124065	1.688895	0.314203	0.306416	0.477042	0.302865	0.77785	0.85708	0.510051	0.789267	0.322899	0.342436	0.444283	0.198304	0.239318	0.69905	0.11742	0.420447	0.326868	0.395075	0.547296	0.587529	0.473462	0.750779	0.882793	0.304061
Niben261Chr08g0063009.1	ruBisCO large subunit-binding protein subunit beta, chloroplastic-like	20.344912	18.777482	18.929694	19.04274	22.450855	17.539362	15.951052	17.304839	18.817065	22.613564	19.795422	19.919961	16.734786	18.25397	14.368724	19.124991	24.283309	25.689511	20.997792	27.712302	22.707962	24.916568	24.216203	22.194117	21.296326	20.7796	19.551171	15.111066	22.436219	17.798707	14.919759	13.146355	16.470558	12.271846	9.599605	10.673196	9.338788	11.505364	9.752542	10.760544	14.682777	10.810381	14.019187	13.916024	12.941386	13.337427	12.761073	13.540357
Niben261Chr08g0080009.1	Pyridoxal 5'-phosphate synthase subunit PdxS	6.330006	8.078974	9.730741	14.518632	12.113426	12.035699	14.592905	15.802506	9.181045	22.584792	24.430766	19.723255	21.935331	22.816227	18.304889	13.154052	13.37395	15.977711	16.891295	15.246704	15.788196	7.359787	8.667175	8.68491	4.251912	4.861866	3.816309	7.845303	7.032649	5.159471	6.295056	7.858898	6.705475	13.744847	17.477895	13.60314	14.224243	10.263171	16.65966	7.194492	8.723283	8.54	11.607499	7.622231	9.191571	7.772958	7.579773	9.43851
Niben261Chr08g0138004.1	heat shock 70 kDa protein	2.227583	2.781102	1.721422	24.844052	12.792203	13.362233	33.057654	23.441024	7.622716	71.854579	107.721903	78.834268	68.186708	90.651698	68.579611	71.515747	110.363182	96.652299	131.788352	111.412879	90.369977	91.557382	81.473776	55.41134	0.328092	0.127984	0.106742	0.672037	0.365505	0.250972	0.710129	0.686796	0.210732	1.117414	1.557453	1.553021	0.458144	0.165898	3.402424	0.109758	0.20479	0.324366	1.673646	0.18405	0.549485	2.138109	0.506999	2.698767
Niben261Chr08g0143015.1	DEAD-box ATP-dependent RNA helicase	0.075825	0	0.088686	0.360056	0.357719	0	0.21605	0.034509	0.225862	0.515476	0.41842	0.199674	0.466492	0.685963	0.44207	0.616051	0.822578	1.100797	0.338717	0.193479	0.215779	0.14885	0.486393	0.353853	0.469057	0.060991	0.067824	0.376885	0.116143	0.039867	0	0.157101	0.160679	0.170401	0.063166	0.197358	0.079392	0.189741	0.058439	0.139517	0.130123	0.11244	0.077827	0.175447	0	0.067928	0	0.151306
Niben261Chr08g0154008.1	DNA-3-methyladenine glycosylase	3.962901	4.760493	5.679803	4.251861	4.254297	3.120355	2.938454	2.686472	3.043043	5.154105	4.908398	4.904041	7.268489	7.47582	6.579262	6.874678	8.919988	8.190697	8.732433	9.628502	7.56399	5.834516	6.076827	5.79875	4.357907	3.863724	5.451768	3.962974	3.594703	2.675705	2.569367	2.336589	2.541337	3.466748	4.145284	3.919176	5.453586	4.649571	4.940715	4.732502	6.147043	5.105854	3.989281	3.384022	3.809154	2.277674	2.907072	3.479016
Niben261Chr08g0169014.1	Glutathione s-transferase	2.612545	2.359902	1.705479	7.910675	4.586092	4.469195	8.194111	5.750686	3.74019	15.459389	15.254734	13.596675	10.462803	18.188225	10.82899	8.32112	5.108105	7.334858	4.523416	3.152267	4.322445	3.339551	4.91065	2.977098	0.313203	0.781926	0.380418	1.871784	1.302627	0.670831	1.17503	1.132925	1.094359	3.823064	4.8589	4.823202	4.834738	2.483228	5.711824	1.955837	1.928894	2.432127	2.930401	1.874105	0.959174	2.99358	3.308731	3.758354
Niben261Chr08g0193001.1	Chaperone protein like	0.116947	0.282191	0	0.23884	0.426108	0.159861	0.188037	0.144072	0.039015	1.897376	1.480487	1.689231	3.777023	3.663246	4.258578	7.814355	11.142852	5.650371	0.756055	1.776059	1.035861	0.515934	1.125117	1.209763	0.123758	0.031169	0.01733	0.057756	0.143204	0.096376	0.172779	0.040151	0.123153	0	0.016138	0	0.041996	0.032317	0.122871	0.040559	0.104882	0.044098	0.041405	0.015051	0.077826	0.018183	0.022448	0.059526
Niben261Chr08g0219013.1	E3 ubiquitin-protein ligase SIS3-like	3.749172	4.284276	2.287242	5.044942	2.564487	2.411749	2.833335	2.769089	2.364902	9.907212	8.888492	12.757175	14.948194	19.72369	16.100763	29.952279	33.718597	22.873701	10.849812	12.740123	11.549189	5.845777	6.558995	6.449206	1.371981	1.16186	1.481697	1.034225	1.211044	1.420286	1.128339	1.177815	0.836082	5.8799	8.222531	8.906825	7.767461	5.482498	9.202989	12.101566	10.73409	7.257427	2.899622	2.379602	2.928238	4.45177	4.281075	4.180451
Niben261Chr08g0309009.1	UPF0426 protein At1g28150, chloroplastic	5.997591	8.617073	5.010544	6.013172	9.913268	4.887754	8.128155	8.343715	5.950466	27.524493	25.215435	34.962516	32.118491	33.649982	28.319748	44.749351	46.723948	44.297969	30.760132	34.979119	32.779833	42.047917	47.63158	37.317774	5.901159	5.062998	6.141927	2.554447	4.373696	3.453666	3.611476	3.357552	3.026002	7.380819	5.202124	2.601774	6.004166	9.290483	5.721918	11.557837	11.541524	8.891906	6.464658	8.838666	5.635864	6.907885	7.280136	6.268762
Niben261Chr08g0445003.1	WRKY transcription factor 27	0	0.056617	0	0.039539	0.045845	0.047654	0.110754	0.291854	0.115784	0.566249	0.402179	0.575654	0.204912	0.383615	0.145684	0.473712	0.553455	0.267302	0.289395	0.148775	0.387153	0.515061	0.261808	0.272095	0	0	0	0.057944	0	0	0.173481	0.040267	0.061777	0	0.048572	0	0	0	0	0	0	0	0	0	0	0	0	0
Niben261Chr08g0455001.1	Heat shock protein, putative	20.140928	31.90646	12.923306	82.334702	63.003261	44.925526	104.67597	101.521626	38.886852	315.658098	372.164715	285.408931	296.048757	373.50337	271.003348	329.981741	333.116677	369.269429	289.832203	281.692307	214.124425	220.198384	226.906246	163.805031	0.288404	0.562464	0	1.667308	1.927599	0.661684	2.601926	2.319017	1.481925	7.070213	11.187168	8.553775	10.103179	3.616233	36.7213	2.572568	6.359829	3.110775	33.138954	10.784907	18.21441	18.130259	10.694557	19.115556
Niben261Chr08g0455007.1	Heat shock protein, putative	189.386825	314.664414	123.736313	418.332074	302.290439	260.025489	588.593269	571.66158	233.744258	1566.83101	1757.551031	1803.221989	1860.751744	2552.973048	2047.264691	2273.739001	2110.749318	2052.038697	1537.275592	1456.385585	1091.207538	1202.511324	1417.491136	1032.472209	4.916463	4.184779	0	7.327115	9.738388	2.962999	11.932418	10.479536	5.971478	45.79224	63.927666	104.94945	68.09344	37.252174	223.991008	23.926363	28.274415	26.033572	198.42201	56.837964	103.096138	80.659876	67.684086	89.536679
Niben261Chr08g0587014.1	Transcription factor rf2b	4.70588	4.601128	5.034586	2.362208	2.529993	1.772669	1.707462	1.81668	2.572534	3.685491	4.084877	4.16997	5.800036	3.565824	2.818539	5.462015	9.267347	5.716524	3.828943	4.653442	4.451594	8.355645	6.982702	5.463009	4.634279	3.742715	6.237385	3.10072	2.590096	1.501584	1.533923	0.876392	1.064456	2.776248	2.202197	2.258283	2.993545	2.382331	2.709173	3.786734	3.16481	2.822145	2.170178	2.446791	2.034722	1.681384	2.695732	1.213262
Niben261Chr08g0634012.1	abscisic acid 8'-hydroxylase 4-like	0	0	0	0.387343	0.898224	0.700263	0.813744	1.559519	1.7014	8.320807	6.303858	10.526767	6.524069	8.455604	6.898035	19.8886	35.048535	14.620512	4.81956	7.044406	4.063616	12.614375	18.686235	15.10479	0	0	0	0.283823	0	0	0	0	0	0	0	0	0	0	0	0	0	0	0	0	0	0	0	0
Niben261Chr08g0634013.1	Abscisic acid 8'-hydroxylase	1.039709	0.757162	0.988063	0.705062	1.175165	0.796679	0.925717	0.709776	0.51623	4.859095	6.185231	4.704555	3.311739	2.565097	4.00541	8.59762	14.847095	6.702571	2.935795	3.813749	2.959726	8.418713	9.586717	7.330166	2.076904	1.202253	1.453266	0.516687	0.729832	0.580924	0.483336	0.31413	0.275388	0.073027	0.108261	0	0.068035	0.108409	0.350556	0.059772	0.334585	0.096345	0.266724	0.400912	0.384729	0.058211	0.07529	0
Niben261Chr08g0668005.1	Transportin-1	1.831388	1.713702	0.789979	1.482086	1.582764	1.193053	1.552388	1.557181	1.719072	3.206262	2.719117	2.787691	3.261188	2.807378	2.141794	2.958893	3.494156	3.403163	2.274659	2.539982	2.259944	2.51237	3.081656	2.513805	1.257623	1.604424	1.032739	0.88827	1.278895	0.914152	0.84754	0.676981	0.763025	1.922677	1.751076	0.878951	1.749778	1.736059	1.417445	1.631546	1.836936	1.550471	0.923455	1.251105	1.140174	1.115637	1.511332	1.477886
Niben261Chr08g0796001.1	17.8 kDa class i heat shock protein	0	0	0	0	0	0	0	0.09689	0.211409	0.206782	0.587469	0.98101	2.244889	1.575989	2.660033	2.224149	4.186564	3.253765	3.487473	3.440871	4.039427	0.626964	2.185295	1.159237	0	0	0	0.6348	0.108691	0	3.959473	0.73524	4.511931	0	0.709493	0	0.222936	0.1776	0	0	0.182696	0.157839	1.310998	0.164193	0.420174	0.953718	0.493418	0.849743
Niben261Chr08g1046005.1	ycf20-like protein	2.259293	1.836576	1.452124	0.766843	1.264673	1.409718	1.288181	1.064152	2.130963	1.865413	2.339469	3.023693	2.780611	3.460794	1.976916	3.956063	3.371149	4.490222	1.92343	3.019043	2.034959	2.551402	3.478314	4.129553	1.864452	2.45297	2.256356	1.573011	1.395771	1.977516	0.587594	1.011979	1.315957	1.394568	1.299245	0.621109	0.355181	2.290136	0.522847	2.599528	3.142776	1.719839	0.810763	1.056512	1.356076	1.009884	1.072265	2.028495
Niben261Chr08g1116002.1	Prohibitin	0.192707	0.187618	0	0.183046	0.150024	0.211745	0.090922	0.119238	0.288883	0.536274	1.183363	0.873609	1.509434	1.227247	1.980774	0.980669	0.816054	2.501137	1.451893	1.138805	0.536376	0.936345	1.272351	1.252214	0	0	0	0.18967	0	0.050157	0.07183	0.065897	0.101071	0.107195	0.298616	0.125298	0.200251	0.318294	0.437976	0.220199	0.396028	0	0.098293	0.208303	0.191554	0.327562	0.110942	0.286668
Niben261Chr08g1122015.1	ABC-type Co2+ transport system	3.466144	4.038931	2.756736	6.085944	4.578593	4.306075	9.349385	9.27438	2.890896	11.849088	14.153902	10.879009	8.405282	13.454952	10.277214	8.528779	7.332363	6.568066	5.574058	4.245286	4.20852	4.490815	4.091076	5.3918	1.143555	0.780647	0.620075	1.515647	0.849304	0.874754	4.53774	2.776814	2.400218	5.919954	8.315923	9.698275	7.113226	3.816328	10.363296	6.631003	5.234444	4.31671	1.991904	1.710665	2.052012	3.726153	2.731013	3.043265
Niben261Chr09g0153003.1	Cellulose synthase	0	0	0	0	0	0	0.061925	0	0.032369	0.284944	0.224868	0.472065	0.057286	0.187678	0.081456	0.264864	0.552591	0.199274	0.064723	0	0.030924	0.223987	0.10456	0	0	0	0	0	0	0	0	0	0	0	0	0	0	0	0	0	0	0	0	0	0	0	0	0
Niben261Chr09g0210009.1	Chaperonin cpn60-2, mitochondrial	12.151086	20.440125	9.883876	20.822564	20.139395	18.393012	20.289351	15.664416	10.998378	27.347238	29.957322	27.709583	28.905808	35.622929	32.660965	35.065119	54.18556	46.895235	42.782807	38.458903	30.146039	23.041073	22.912096	20.830533	4.71594	7.349512	3.830891	5.950279	5.961023	5.107052	4.55325	3.783168	4.052232	8.723486	10.995881	9.21159	12.822784	9.065613	15.936866	11.644427	14.684198	11.884215	17.744313	12.422665	11.61814	15.188469	14.524675	15.556266
Niben261Chr09g0471001.1	Ethylene receptor	5.333209	6.336161	6.05109	8.307246	8.34533	6.459771	5.96269	7.35741	8.099799	10.027929	14.062685	12.422093	16.721503	14.387255	18.388694	13.985379	16.859775	15.155155	12.740188	13.609054	10.814389	12.888515	17.174663	17.271361	5.099003	6.753614	6.485626	7.948521	9.626234	9.999309	18.534128	12.050219	16.327616	8.957485	16.171287	13.182325	13.947427	11.39261	14.38189	6.852072	8.786084	8.14929	9.765984	8.492663	8.231623	7.778303	7.734435	8.477701
Niben261Chr09g0721003.1	10 kDa chaperonin-like	202.002362	218.17964	198.169602	194.244794	156.890866	213.954675	177.877917	169.248527	170.186314	208.98732	172.774218	255.265199	164.017413	260.44873	153.179976	305.375505	288.989528	411.127725	235.608392	217.600883	195.73017	205.66002	198.919095	242.447531	163.862001	173.851234	143.062589	76.234037	115.433816	149.721031	71.854722	83.136477	93.576248	97.104224	61.035296	87.827594	48.699808	85.934088	63.125636	75.639956	81.267887	82.684623	119.613287	114.404604	94.748487	102.352361	119.103513	112.680964
Niben261Chr09g0866011.1	Stromal 70 kDa heat shock-related protein, chloroplastic	106.659477	103.394613	93.93852	61.741631	80.08948	68.316768	54.23616	52.212446	60.595997	73.477903	62.708761	82.96752	89.163809	89.610913	81.35682	159.644811	218.246058	195.417543	118.20708	140.281714	127.04926	123.758585	124.645072	119.308874	101.991477	102.185266	93.511932	65.041635	71.616488	71.799288	43.481152	35.977231	53.123423	46.660237	31.272179	36.017284	46.156544	60.126578	46.219626	77.398206	94.625816	75.658172	78.432258	65.586269	71.717606	59.937073	66.889353	55.798564
Niben261Chr09g0872017.1	cytochrome c	52.220702	73.320651	42.922095	140.737902	105.178809	117.978905	203.344539	175.773398	121.0817	287.758323	297.829826	277.112535	239.593338	255.773779	220.7528	145.608128	110.231011	124.529458	150.619641	156.79727	156.776758	171.064096	169.283141	186.577022	12.750083	19.830105	12.179761	38.573922	21.234067	26.690962	47.801481	48.087946	40.851062	146.815554	187.845365	206.94878	200.516718	81.607708	206.673675	106.410844	69.830207	92.753033	126.188292	78.09932	70.485501	146.467352	126.072519	143.333918
Niben261Chr09g0960005.1	Syntaxin	1.514724	1.646622	1.922127	3.960147	2.550018	2.577044	3.23404	3.541578	2.248338	6.594374	8.452698	6.965475	6.333549	8.506378	6.519574	6.201188	5.833663	5.745787	5.543798	4.856948	4.253559	3.284916	4.43937	3.498664	0.83675	0.753171	0.693198	1.432993	1.356009	1.565566	2.523351	2.410009	2.077089	3.322531	6.004483	6.709984	7.077842	4.080588	5.271788	3.893235	3.85642	4.316904	4.129898	3.693037	3.272012	5.288319	5.522464	4.87389
Niben261Chr09g1015006.1	sugar transporter ERD6-like 5	0.283412	0.275205	0.378834	0.192192	0.541184	0.231638	0.307629	0.276358	0.3618	0.747083	1.228797	0.69287	1.06718	1.198715	0.77558	0.892848	2.909835	0.897133	1.326306	1.170837	1.152163	0.755054	1.142735	0.566826	0.250456	0.521063	0.181075	0.160945	0.661371	0.255446	0.090349	0.223693	0.171591	0.40944	0.303552	0.263451	0.127176	0.270169	0.218392	0.297906	0.243181	0.270122	0.49858	0.499549	0.639178	0.290163	0.18765	0.242372
Niben261Chr09g1113002.1	BAG domain-containing protein	0.374695	0.329028	0.208405	1.37506	1.234504	0.959152	1.503432	1.253791	1.04433	5.285884	4.985621	4.974251	8.145481	6.827953	7.798641	10.376876	14.603001	9.673249	9.911065	10.350903	9.298424	8.948347	9.546792	7.769122	0.092103	0.244218	0.080149	0.353599	0.475354	0.28127	0.159318	0.307543	0.170133	0.444636	0.489061	0.325073	1.080759	0.63939	1.584572	0.458624	0.398799	0.421391	0.875769	0.258589	0.471933	0.60451	0.597814	0.517081
Niben261Chr09g1113018.1	Bag family molecular chaperone regulator 6	0.588418	1.30858	0.677979	4.252268	2.572536	1.107137	3.669868	2.680348	2.017929	11.061358	8.268167	13.743685	20.444078	22.081361	22.598916	29.704108	32.333215	22.789962	21.677717	24.84534	21.480733	19.56159	21.839153	18.618133	0.796923	0.699701	0.602042	0.280829	0.589611	0.812647	0.562679	0.066702	0.721842	0.657277	0.727309	0.382438	1.213664	1.367036	2.902522	0.526658	0.41441	0.787806	1.685339	0.521448	1.152052	0.953908	1.007564	1.060433
Niben261Chr09g1153001.1	(+)-neomenthol dehydrogenase-like	0.549788	0.400401	0.482277	0.559247	0.324215	0.337014	0.261086	0.750547	0.136472	0.133485	1.137692	0.723742	0.845338	0.678235	0.915808	0.797646	0.46596	1.155227	0.204662	0.46762	0.651896	0.269818	0	0.106904	0	0	0	0.409784	0.350817	0	0	0	0.14563	0.154441	0.458002	0.357747	0.863477	0.114646	0.635487	0.126417	0	0.305671	0	0.105992	0.135618	0.123131	0.318518	0.95994
Niben261Chr09g1305030.1	salicylic acid-binding protein 2-like	0.064042	0.102328	0.162207	0.30572	0.183302	0.10467	0.387262	0.236966	0.031782	1.46119	1.597155	1.764245	1.744039	2.62423	1.457665	2.330811	2.234883	2.332251	0.969606	0.891179	0.728893	0.691504	0.755199	0.414043	0	0	0	0	0	0	0	0	0	0	0	0.041665	0	0	0.098664	0	0	0.023735	0.032848	0	0	0	0.074178	0.031949
Niben261Chr09g1324003.1	Transcription termination factor mterf2, chloroplastic	0.818455	0.781558	0.379375	0.967482	0.992414	1.246045	0.580348	0.909415	1.803506	0.920847	1.078497	1.185996	1.192328	1.264166	0.935489	1.007666	1.510095	1.202179	0.781147	0.695543	0.820401	0.77839	1.228002	1.536725	0.319468	0.603206	0.943048	0.820558	0.740069	0.768503	0.510451	0.796628	0.446087	0.745214	0.540364	1.037665	0.377597	0.22036	0.44486	0.333163	0.250273	0.218453	0.511388	0.556698	0.845846	0.554035	0.733924	0.447117
Niben261Chr10g0178016.1	SWR1-complex protein 4-like	2.341182	3.002374	3.089792	6.192085	5.041991	4.276955	6.45308	8.618728	6.606739	24.545618	14.054372	17.16482	23.075885	18.648267	12.837993	23.701018	33.128978	26.180603	22.181488	20.643849	19.048787	21.826809	23.616998	16.979247	3.129493	3.48243	2.874341	5.405724	4.13452	3.280115	3.988222	3.536716	3.820161	4.650068	4.624017	5.631346	6.357455	4.714194	6.213911	6.138854	7.166491	6.780504	6.502917	7.433135	7.839781	8.014832	6.695359	7.320838
Niben261Chr10g0197006.1	DNA-directed DNA polymerase	0.049119	0	0	0.066618	0.038621	0	0.046651	0.044703	0	0.238513	0	0.03249	0.043156	0.161584	0.409095	0.22804	0.983898	0.728724	0.926351	1.148119	0.708753	0.626749	0.472618	0.420238	0	0.039509	0	0	0.050148	0.025825	0	0	0	0	0	0	0.051429	0.04097	0	0	0.042146	0.072824	0.050406	0.037878	0	0	0	0
Niben261Chr10g0410017.1	root phototropism protein 3-like	1.334888	1.162891	0.644402	2.166332	2.355609	1.257982	2.616525	2.101568	2.324105	6.652108	5.595499	10.333945	14.052813	13.29836	10.337388	11.531378	16.012835	13.224845	12.547624	12.36481	10.619813	12.076383	13.011655	12.31552	1.065116	0.302844	0.523639	0.855444	0.85916	0.677894	1.359467	0.975088	1.003336	0.890197	0.559725	0.469859	1.068625	0.718074	0.890785	0.570108	0.467678	0.56025	0.848115	0.90352	0.743779	0.493642	1.084977	0.711694
Niben261Chr10g0614006.1	metacaspase-1-like	1.348017	1.495981	1.126178	2.56823	1.463694	0.891901	2.865446	3.095151	1.33845	6.608117	7.792858	5.360227	4.906729	5.80715	5.827372	3.278184	3.384944	3.138781	2.930924	2.615469	2.374727	1.953181	1.358606	1.248169	0.264736	0.258164	0.22967	0.637933	0.42577	0.438751	0.477481	1.551624	0.68013	2.308099	3.315426	3.592153	2.889963	1.231485	2.522702	0.826558	1.597296	0.808951	1.053974	0.396009	0.570034	0.801807	0.297512	0.384271
Niben261Chr10g0672002.1	salicylic acid-binding protein 2-like	0.181439	0.226363	0.306592	0.531517	0.445087	0.543789	0.639457	0.629376	0.330318	0.646068	1.161203	1.319038	0.531109	1.176864	0.738634	0.886793	0.779725	0.638765	0.359831	0.34127	0.430166	0.177827	0.237074	0.243917	0.218269	0.267594	0.081156	0.240448	0.277895	0.174914	0.067489	0.125322	0.096132	0.305847	0.22675	0.314864	0.316663	0.403625	0.302968	0.08345	0.077851	0.134512	0.527614	0.373157	0.089523	0.352216	0.35043	0.241386
Niben261Chr10g1008010.1	mitochondrial import inner membrane translocase subunit TIM14-3-like	60.118473	70.053328	32.813716	100.01889	63.656862	56.997734	116.100913	119.459291	59.293969	326.958484	398.649114	332.125096	295.092585	418.614108	301.427851	283.760484	273.374305	213.140493	194.154471	201.24636	181.726546	129.03163	156.826819	121.885389	8.264336	11.605675	6.094446	17.127139	14.321418	7.796757	17.589358	24.634783	21.232596	89.618754	163.266811	144.47997	150.232757	86.919283	175.113777	110.588059	92.508411	95.371747	68.274662	58.414034	51.804844	73.963434	69.194601	87.573429
Niben261Chr10g1106011.1	Serine/arginine-rich-splicing factor SR45A	8.280143	8.220042	6.11394	5.395333	4.073213	2.381341	3.163608	5.851599	4.455181	18.715511	16.544451	16.067079	24.672972	22.676015	28.468264	35.52085	38.344931	26.39823	13.79163	20.79972	13.295856	13.680439	18.421393	14.874793	3.482088	4.964771	3.723968	3.21757	1.605926	1.410516	1.548489	2.341135	2.352681	4.834668	6.512639	4.575611	9.202683	5.247043	11.700586	9.743714	8.496132	7.989844	2.041308	2.640029	3.194929	3.698451	4.07361	4.200844
Niben261Chr10g1298004.1	mucin-1-like	0.076189	0.073983	0.356443	0.774995	0.359857	0.435893	0.333146	0.374876	0.266179	1.479845	1.366381	1.606514	0.937163	0.501273	1.490012	1.238007	0.976545	0.764271	1.134467	1.22401	1.011793	0.453996	0.497879	0.520254	0.078551	0.122566	0.272595	0.332815	0.233355	0.280406	0.680321	0.431711	0.242174	0.599262	0.633534	0.991519	0.398864	0.5084	0.465763	0.140149	0.222281	0.338875	0.184458	0.411365	0.361063	0.422519	0.575807	0.330493
Niben261Chr11g0375002.1	2-methoxy-6-polyprenyl-1,4-benzoquinol methylase	9.951839	14.603466	13.068863	8.58551	11.028564	9.082028	11.329125	9.99466	8.42977	27.279316	20.036143	26.174257	40.695437	47.611086	36.243008	78.856256	88.764479	89.370051	46.632817	49.61892	41.935077	49.470243	59.85899	53.338548	5.974869	4.782294	7.280041	4.673822	5.361205	4.89845	3.507098	2.804077	5.414117	5.32125	4.950305	4.624959	8.851102	8.198738	7.951128	11.305407	13.009207	8.403127	8.985781	5.850854	11.224579	7.090163	8.634992	9.805294
Niben261Chr11g0432011.1	Glutamate receptor	0.39782	0.600911	0.258496	1.378854	0.729859	0.867054	2.392966	2.051657	1.97498	6.181612	7.378479	6.866162	4.660381	6.179966	5.301331	3.386038	2.517478	3.005888	1.689329	1.879799	1.257875	2.776695	2.778707	2.475327	0	0.071109	0	0.21964	0.157949	0.02324	0.131518	0.244217	0.234169	0.397339	0.294581	0.345148	0.416534	0.073739	0.783413	0.16262	0.037928	0.065535	0.04536	0.034086	0.087228	0.23759	0.3073	0.264609
Niben261Chr11g0949009.1	sphinganine C4-monooxygenase 1-like	2.622693	2.698318	2.765391	4.455928	4.248513	3.412499	4.405971	4.364781	4.06279	5.228365	6.483283	7.255844	5.272369	5.164999	2.830695	5.13923	6.27884	6.241739	4.178828	4.886694	4.248019	4.300635	5.398579	4.96364	4.152061	2.235242	3.734376	2.562385	5.038477	3.660739	4.220006	4.385526	4.623313	4.225913	2.807592	2.304943	4.643731	4.070314	3.779217	2.92081	4.452525	3.716257	2.50163	3.58298	3.980498	3.438127	2.6841	2.451641
Niben261Chr11g1074005.1	Interferon-induced GTP-binding protein mx	0	0.379615	0	0.530215	0	0.639038	0	0.177896	0.388161	3.796651	4.853839	2.830454	1.717401	2.893617	1.627998	1.361227	2.650622	2.389649	0.776149	0	1.854162	0	0.501543	0.304062	0	0	0	0.388511	0	0	0	0	0	0.439272	0	0	0	0.326084	0.301248	0	0	0	0.40118	0.30147	0.385733	0	0	0
Niben261Chr11g1076009.1	zinc_ribbon_10 domain-containing protein	8.922014	12.210315	9.439157	15.898183	12.920836	13.431687	13.997965	17.448236	12.710268	30.17348	31.85563	26.742922	25.765615	31.174649	25.110493	28.918013	30.777439	28.182183	22.897449	22.035449	21.166393	17.952528	16.451356	14.236681	4.305231	4.894512	4.216125	14.971527	8.185954	7.586017	10.073122	10.445699	11.87684	16.225318	21.321009	18.538616	22.645041	14.304687	23.027355	13.917223	13.869917	14.332151	17.027349	11.713628	12.303723	14.632684	12.311049	14.375223
Niben261Chr11g1310006.1	Alpha-galactosidase	0.994133	1.241116	0.551272	0.931003	0.595577	0.561035	0.674448	0.688935	0.56406	0.850048	1.142903	1.526617	2.620364	2.452324	2.60196	4.394306	4.637589	3.671517	3.019009	3.341111	3.367131	2.299213	2.962464	2.079623	0.366066	0.304634	0.275831	0.282297	0.193332	0.199126	0.264104	0.245208	0.250797	0.31916	0.650716	0.431264	0.619599	0.256664	0.601921	0.478949	0.487449	0.421128	0.291483	0.419826	0.303625	0.339283	0.274266	0.330634
Niben261Chr11g1361010.1	Heat shock cognate 70 kDa protein	28.549779	35.139642	15.447702	71.92386	52.737223	43.751748	95.601863	90.000434	35.599512	268.140065	295.348139	267.932388	322.489552	383.523381	326.563312	351.378991	388.073686	347.270961	315.059902	337.83302	248.132708	291.257584	299.309008	190.925541	0.618959	0.241447	0.238664	0.961226	1.276926	0.263038	1.538158	2.211273	1.166161	10.568327	17.476356	17.752622	27.553066	7.622627	59.754627	6.779389	9.730142	9.29638	23.958567	8.127454	10.399155	37.109353	20.327455	36.138439
Niben261Chr11g1394002.1	Universal stress protein family protein	8.580954	17.052513	5.601677	26.118088	29.027862	26.74868	23.312581	13.621325	13.077287	116.476217	86.443958	153.940601	187.080342	240.435351	197.119976	373.830791	447.043623	372.0456	410.357117	375.617968	521.887267	129.275353	91.78239	68.293131	3.086162	1.926188	1.784986	1.983197	5.6028	2.727964	1.484388	1.240372	1.057189	10.090386	10.14071	8.0508	18.387121	11.485273	35.829656	28.449074	29.79392	19.970914	25.598289	24.776015	37.608193	11.620191	16.185773	13.738104
Niben261Chr12g0058005.1	Transmembrane protein like	1.28507	1.066652	1.274124	1.846858	1.414994	1.171054	1.341968	1.236951	1.441432	2.101477	2.433301	2.722918	2.003621	2.495635	2.122783	2.150478	1.855264	2.415581	2.32802	1.797288	2.301063	2.035776	2.516714	2.392411	1.220843	1.112254	1.022259	1.191426	1.662709	1.519787	1.619924	1.323298	1.770032	1.310937	1.579604	1.427891	1.066462	1.361245	1.709625	1.331799	1.57733	1.468666	1.278905	1.754275	1.995357	1.444173	0.943754	1.993725
Niben261Chr12g0226001.1	Cell division cycle protein 48 homolog	13.70497	18.502063	11.066502	22.915619	20.788116	16.685767	24.747141	18.797263	13.999755	53.18256	56.69055	60.012257	64.08352	80.612349	62.420619	90.418491	84.031216	73.784333	51.862842	54.701785	47.053929	30.602974	32.042215	30.133823	8.22262	8.398725	7.23728	9.162612	10.353254	8.311219	8.461314	8.699445	9.748199	21.329942	31.914037	32.006709	43.494877	31.561032	43.830263	39.304127	39.57628	40.125549	24.736619	23.730342	27.404499	28.94982	24.574645	28.564028
Niben261Chr12g0380002.1	30S ribosomal protein S13	5.939963	8.267392	6.422593	6.037301	4.905449	4.577819	4.793359	4.769578	4.712057	7.077704	5.431851	7.14097	5.589563	6.646625	7.316349	6.64814	7.146893	6.28665	6.74745	6.556124	8.199256	7.762773	7.601885	6.039228	5.889246	5.332952	5.555245	7.604419	4.476293	4.359732	2.598835	4.32766	3.878226	6.356091	5.728676	6.885816	8.907701	5.596873	5.768619	6.324808	3.663544	4.809502	4.040303	3.99702	4.103239	3.002351	3.431839	3.064208
Niben261Chr12g0719006.1	Non-specific serine/threonine protein kinase	1.390857	2.757308	2.018866	3.588828	3.607693	2.454249	3.613669	4.019124	3.911017	12.769193	12.194089	12.818486	13.142924	15.469038	10.536077	12.345654	16.56884	16.272613	15.79135	15.373713	14.519276	8.855321	10.774763	7.462181	0.464188	0.833568	1.60071	2.036684	1.835424	1.885261	1.576629	2.11237	1.472297	1.212648	1.553298	1.950653	1.769963	1.450873	1.406411	1.118323	1.401008	1.385581	1.906229	1.631456	1.97551	1.970828	1.781687	2.399539
Niben261Chr12g0785023.1	20 kDa chaperonin, chloroplastic-like	125.057753	136.291584	114.055544	151.853591	154.079283	148.995772	161.236844	138.502664	145.716734	169.465913	149.865142	184.245545	151.042935	187.583253	144.420325	195.83765	252.484597	245.770842	238.659611	244.826327	236.125279	228.108399	217.446914	207.725599	112.077157	132.46169	109.706697	109.731111	115.506025	121.857289	93.841029	85.113472	111.43145	93.286023	88.019422	100.318882	89.905996	101.526327	90.512735	102.970577	121.481675	106.629068	135.570718	108.046917	109.332519	124.505623	137.709895	123.158309
Niben261Chr12g0913008.1	Unknown protein	1.109166	1.72382	2.07566	6.92154	3.394253	6.106186	11.142724	9.186231	4.845692	10.125584	9.742898	7.30054	7.796204	11.294164	9.792222	5.406924	10.299472	8.236737	5.096146	3.54214	4.63046	1.165602	2.147633	2.328775	0.686381	1.83459	1.587392	0.440915	0.715473	1.233833	0.825044	1.177983	1.98194	2.13894	3.715652	3.175627	2.574636	0.555119	3.620222	2.027376	0.951749	1.945397	2.417546	1.086102	1.288323	0.993919	2.952681	1.244022
Niben261Chr12g1028009.1	Hexosyltransferase	0.276889	0.470525	0.323851	0.65719	0.761991	0.50919	1.577884	2.047482	1.44335	2.689066	3.246853	4.055032	5.960305	5.749906	3.055628	10.766016	9.386821	8.092384	1.992754	2.060685	4.005424	7.541773	11.544955	8.722039	0.071368	0	0.123835	0.206379	0.035336	0.036395	0	0.334646	0.146687	0.311124	0.345994	0.090086	0.289914	0.173218	0.533415	0.191001	0.356376	0.153944	0.071036	0.106761	0.068301	0	0.080207	0.069065
Niben261Chr12g1097003.1	anther-specific protein LAT52	5.326249	5.172019	2.265314	1.641783	2.474676	2.176621	1.149706	2.533889	1.923071	1.880981	1.001977	1.274815	0.212714	0.796439	0.403281	1.966986	0.656601	0.924928	0.120165	1.441434	0.229653	0.475262	0.621201	0.564907	6.989034	4.28422	5.413852	4.090218	3.213272	4.073306	5.582655	5.350458	5.643349	3.536473	2.420201	2.2055	1.013964	4.038815	1.865599	4.008119	3.531498	2.692075	4.472034	3.173848	4.29985	1.951974	2.805221	2.173962
Niben261Chr12g1569022.1	F-box domain-containing protein	0.3702	0.89864	0	1.631776	1.406886	1.05899	3.457411	3.958764	1.592752	3.655104	6.809427	5.76653	4.119912	4.259279	3.905481	3.222504	4.141547	4.478639	2.235545	2.991247	2.750743	0.787288	1.622694	1.199728	0.063613	0.049629	0	0.061317	0.283468	0.129761	0.18358	0.170446	0	0.138658	0.205597	0.401482	0.129205	0.308789	0.38036	0.510737	0.158825	0	0.189951	0.2379	0.243516	0.276368	0.428948	0.184679
Niben261Chr13g0061012.1	heat shock 70 kDa protein, mitochondrial	4.96728	7.78657	3.897076	9.506624	7.290374	6.772517	8.676311	9.249681	6.650094	18.704519	20.237916	16.031747	15.493038	17.286756	15.474401	10.981523	13.324463	14.581538	13.981562	13.35762	11.657681	11.806511	11.401343	10.899949	2.417021	3.659937	2.344463	4.151587	4.487138	3.367423	3.602027	3.347695	3.892962	9.42264	13.387271	9.495699	14.216549	8.082664	15.146447	8.06127	10.022608	7.763834	9.245314	6.886748	7.442876	10.413899	8.022371	9.590089
Niben261Chr13g0253007.1	Threonine dehydratase	14.654943	12.379669	15.938092	15.693077	13.314108	12.553763	10.991758	15.417683	14.013474	20.647086	20.905524	20.049685	20.215118	19.278545	18.206581	16.35	16.943823	15.091894	16.238334	17.476669	14.287701	16.81455	16.831745	20.181304	15.142437	11.172316	16.175659	14.004604	13.456062	11.23616	14.826281	14.584833	14.530816	17.316683	15.482303	17.3399	14.987573	16.564881	14.478263	13.978081	16.088241	14.462851	7.945625	9.413424	9.362535	8.790632	8.08243	8.332167
Niben261Chr13g0357002.1	U1 small nuclear ribonucleoprotein C	4.350408	5.547717	2.073678	2.621612	3.166585	1.580412	3.824941	3.152312	2.720059	15.178389	10.00249	12.30155	18.686283	14.575891	11.272104	17.015687	31.681207	19.941813	11.754851	13.155582	12.990647	22.139457	22.53106	16.601064	1.827559	1.684325	1.873632	3.841631	1.72746	1.608086	1.438362	1.112918	0.847957	3.440169	2.818798	2.306758	5.397058	3.090609	6.704308	4.740312	6.08287	4.657073	5.119161	3.35512	3.973431	5.917184	3.730425	4.500254
Niben261Chr13g0482004.1	Heat shock cognate 70 kDa protein	21.489041	29.089932	23.98252	48.065906	40.706151	25.386628	51.922293	74.177454	41.529247	120.359213	142.465522	107.715986	128.421022	136.534084	131.66694	116.316272	114.727817	127.822718	45.026792	49.954106	46.22749	44.334898	64.125528	52.071429	2.904699	4.733995	3.727732	13.066538	2.3283	1.895332	13.363251	10.364847	18.434781	19.740517	19.659071	14.002593	26.177535	16.842064	49.815579	7.15011	8.501925	10.582749	3.987169	3.059504	3.694756	18.842094	7.962271	16.74389
Niben261Chr13g0686007.1	Chaperone protein like	11.576921	9.89502	4.459426	10.718324	11.364723	5.892523	11.225847	11.293293	6.194777	56.086608	52.372602	55.392616	79.276938	101.48842	74.710928	104.839531	129.635861	97.490742	42.820435	47.583779	37.777576	38.239963	43.02299	32.215583	1.429443	0.947929	1.395169	0.757823	1.132405	0.656066	0.48987	0.478761	0.403975	1.090518	1.183864	1.263033	2.75819	1.734694	6.784219	1.115794	1.606022	1.259041	3.80596	2.51254	2.462414	1.738871	1.526154	2.074954
Niben261Chr13g0796002.1	Heat shock 70 kDa protein	8.62795	12.203725	7.94518	12.628737	11.773498	9.940847	11.108476	12.163554	9.554798	21.153342	20.20899	20.183698	18.981706	20.149758	16.624392	17.552463	23.18485	22.824894	19.577129	22.367608	20.366474	18.691339	19.631084	16.563036	6.394747	6.25358	6.193924	9.121992	7.582409	7.167094	7.220903	6.038777	8.669451	9.980449	11.120698	10.103745	12.775545	9.41726	14.17181	8.476983	8.832842	9.330817	10.596966	8.272372	9.036105	7.132307	7.549368	7.776073
Niben261Chr13g0875006.1	GDSL esterase/lipase	4.582963	9.642221	1.786754	7.251705	3.002903	3.121451	4.352758	7.646783	5.308842	25.221431	28.450951	35.695374	12.079926	22.61472	15.268108	29.255902	15.018822	7.587133	4.170304	3.248351	5.796395	5.248049	4.409717	2.970451	1.575018	3.071959	2.04967	1.518182	1.169746	1.606399	0	0.527518	0	6.86615	6.363067	6.958304	7.997589	3.185593	1.765778	11.942999	7.2094	2.264916	0.783843	5.301224	0	2.737083	1.770082	5.334623
Niben261Chr13g0959002.1	zinc_ribbon_15 domain-containing protein	10.338608	19.520737	7.389617	37.391918	27.096737	37.555273	51.278527	39.98913	14.257263	51.876201	70.520834	68.804903	77.715365	119.509836	97.110104	97.996668	81.00198	65.390559	144.251384	121.154363	100.793865	27.060478	38.685832	31.27122	2.960874	1.385993	3.596294	4.566445	6.157213	3.019867	3.845142	4.363394	4.259936	21.297649	23.923843	35.879056	27.663768	24.433454	40.718988	33.809508	33.512725	40.449225	58.941796	32.776286	31.169815	34.474435	32.610234	25.214642
Niben261Chr13g1031007.1	17.6 kDa class I heat shock protein	9.890852	17.665726	6.849715	43.132294	30.393032	24.091939	61.388081	38.254887	19.862106	160.515032	188.643929	191.67215	161.114634	260.426294	199.172305	253.233702	237.043156	249.370996	280.723199	258.680042	205.560784	133.757214	111.829463	92.56125	0.128743	0.123325	0.156755	0.755118	0.788318	0.156929	0.730086	0.373552	0.449277	0.695826	0.673821	1.353775	1.105598	0.393377	6.768564	0.293012	0.445319	0.52688	6.387353	2.168612	2.757783	1.222403	0.564932	1.636225
Niben261Chr13g1143001.1	PB1 domain-containing protein	2.278382	2.949877	0.710616	2.57509	1.672013	1.117299	1.298363	1.17502	1.055699	6.933123	7.753093	5.598631	9.742151	9.244016	9.235003	9.872515	13.182206	9.168572	4.071075	4.909269	3.8902	1.490871	3.410174	2.480915	0.783007	0.488704	0.951045	0.301901	0.232612	0.159722	0	0.209801	0.32187	1.024035	2.657211	0.593017	3.339786	0.886867	2.926139	1.397027	1.303307	1.576378	0.311745	0.234263	0.449613	0.816431	0.351993	0.151547
Niben261Chr13g1429005.1	Protein farnesyltransferase/geranylgeranyltransferase type-1 subunit alpha	0.718285	2.235165	2.688355	3.118163	3.388632	3.992062	8.333744	8.896099	6.419179	38.454172	37.536192	39.970702	29.363265	46.76683	31.273434	42.919572	24.40216	39.33796	18.96604	15.561364	15.740606	19.746261	24.452878	13.789789	1.036777	1.502666	0.771586	0.999364	0.660001	1.964059	1.068581	1.388984	0.913258	2.421956	2.875052	3.3697	2.406639	1.210477	2.324808	1.729738	0.986193	1.597652	1.916605	1.883632	2.267926	2.574398	2.69578	2.436612
Niben261Chr14g0099003.1	transcription factor MYB1R1-like	3.678386	3.8927	1.640299	0.81516	1.33868	0.76554	0.570643	0.226574	1.093075	1.067922	1.382577	1.843394	3.078764	3.574617	1.33305	8.604568	15.626508	9.01511	3.480304	6.986587	4.942424	4.124844	3.788707	3.34586	2.479648	0.564284	1.702592	0	0.406618	0.695512	0	0.41329	0.316882	0.337285	0.249477	0.123974	0.209923	0.583634	0.308404	0.460784	1.28819	1.410425	0.101798	0.385762	0.494183	0.17509	0.232308	0.099995
Niben261Chr14g0181003.1	Ubiquitin and WLM domain-containing metalloprotease	8.292345	11.207604	8.948957	22.023643	15.090862	15.193816	21.707214	25.999613	18.024257	39.074943	42.635237	38.928365	35.083772	37.746576	30.3548	30.838857	25.894672	26.578105	34.676473	36.221682	32.896705	25.014562	26.88969	22.539791	3.767456	3.699757	3.359915	7.825144	6.857449	5.449244	10.746838	11.564851	11.556931	19.003363	25.565685	23.952879	23.961995	16.266256	25.954511	14.291355	13.306366	14.463601	14.812711	13.635727	16.515131	16.811574	15.786173	18.599301
Niben261Chr14g0365006.1	Mitochondrial glycoprotein	1.431472	1.330795	1.094701	0.700679	1.750809	1.357839	1.083402	1.166988	0.573361	2.895819	2.468128	3.933502	6.360355	3.444781	5.10791	8.968886	9.471704	7.669125	7.002588	7.297449	7.769646	7.810116	7.883814	5.027061	0.769381	0.373623	0.518804	0.705718	0.403978	0.667516	0.425197	0.480209	0.238182	1.019913	0.384533	0.606808	1.099878	0.867929	1.467614	1.311741	1.690562	0.75499	0.354982	1.158142	0.220845	0.820681	0.623559	1.726316
Niben261Chr14g0436005.1	boron transporter 4-like	0.030492	0.059186	0.035644	0.607853	0.335471	0.481353	1.050775	0.851111	0.699535	0.562304	0.637485	0.895242	0.589027	0.870969	0.725964	0.811072	0.805869	1.065934	1.643356	1.339992	1.306484	0.902574	0.908136	0.931741	0.032923	0	0.02726	0.064215	0.046673	0.065863	0	0.042101	0.06458	0.068496	0.101565	0.039661	0.095727	0.054795	0.187871	0	0	0.067775	0.250193	0.023501	0.03197	0.163808	0.141247	0.121625
Niben261Chr14g0478006.1	20 kDa chaperonin, chloroplastic-like	82.892415	86.975957	89.811224	80.728439	85.876968	87.552018	84.617469	83.123681	89.596851	90.970833	82.377239	97.818482	76.098743	89.981248	73.170071	105.398975	134.330386	145.185612	102.218047	121.779318	122.695186	141.938071	137.367645	127.312056	84.577297	89.079444	82.762646	74.510292	82.486666	84.406789	71.237563	59.816779	77.316447	59.700556	49.902931	54.496643	45.443353	67.152563	50.571176	55.008763	66.705848	54.377395	66.367969	60.244498	59.106691	54.946343	63.773332	58.625466
Niben261Chr14g0553002.1	STE20-like serine/threonine-protein kinase	2.787017	2.471836	1.061524	1.746753	2.152424	1.03033	1.937689	2.17336	1.336263	8.280954	8.940054	7.184672	13.551082	12.584974	11.448048	17.70126	19.789993	15.162023	6.806384	9.072872	7.688429	7.589407	10.848054	9.524352	0.582414	1.232112	1.443084	1.717094	2.339546	1.181489	0.98806	1.065333	1.939449	1.859881	2.30792	3.281163	3.312334	2.27075	4.003464	2.621976	2.653173	2.4549	2.710382	2.595653	2.519654	2.863269	2.85914	3.775158
Niben261Chr14g0579002.1	10 kDa chaperonin-like	746.445221	847.641215	549.199107	826.724987	802.348033	767.631308	891.790814	711.481668	539.109347	1117.364357	1056.124928	1263.436928	1180.001907	1510.996054	1281.450283	1731.145521	2145.964874	2434.890008	2180.720683	2037.190374	1848.119362	1795.979432	1861.691449	1516.06913	349.774415	491.468728	359.044848	312.397045	463.566513	455.652216	296.363578	253.662977	314.537773	314.677723	385.221088	405.223175	419.448681	485.48302	504.150341	458.332308	559.929769	494.165244	578.997682	595.437584	567.010917	607.127844	477.257611	590.652288
Niben261Chr14g0589008.1	Proteasome subunit beta	1.09822	1.218765	1.009239	1.649069	1.665334	1.859306	1.937104	2.106078	1.401976	2.894948	4.436936	3.356087	3.170413	3.483764	3.397376	3.004553	2.552968	2.397511	2.647587	2.135056	2.232315	2.229914	1.605925	1.647337	0.808764	0.757169	0.982329	0.779579	1.201318	1.031097	0.991952	0.866809	1.246718	1.674724	1.960442	1.531309	1.889093	1.570355	2.176124	1.875876	1.817331	2.267896	1.207498	1.391322	1.006206	2.108218	2.272321	2.582771
Niben261Chr14g0648007.1	RNA-binding protein 42-like	6.844325	8.884835	3.960451	9.331627	9.290243	5.240689	11.564101	13.90061	8.083363	46.529067	33.19643	33.858186	41.334894	37.032295	31.442506	37.796352	54.368199	37.543144	23.350712	25.798055	23.099179	33.306778	33.089724	29.586813	1.856981	1.680565	1.417742	4.224329	2.647981	1.969739	5.091092	2.08977	4.351083	6.961994	7.322144	5.719355	6.336512	4.026308	10.048592	4.240883	5.007297	4.486249	3.622738	3.166798	3.269993	5.550579	4.25741	4.600421
Niben261Chr14g0755006.1	sodium-coupled neutral amino acid transporter 1-like	6.450971	6.621226	3.016985	4.900767	5.741793	5.025996	2.554998	3.755179	3.927666	3.155806	5.099461	5.139333	5.745368	4.446578	5.277127	10.13269	7.505469	10.412767	6.101913	6.218522	7.208663	9.970625	9.186589	7.615929	5.496613	6.314919	3.475406	3.189967	6.876063	7.029115	7.693461	5.162759	4.573405	2.863844	3.145825	3.709869	4.035702	2.830121	2.982342	5.327716	5.459829	5.355803	4.476895	5.619219	6.163283	4.280398	2.156795	4.171793
Niben261Chr14g0808008.1	beta-glucuronosyltransferase GlcAT14A-like	0.634207	0.410759	0.247376	0.286857	0.415748	0.216083	0.20088	0.36092	0.315004	0.821626	0.802397	1.426992	1.579726	1.565505	1.056936	0.552339	2.832229	1.737265	1.653392	1.601341	1.504709	0.467095	0.373099	0.369914	0.490638	0.765564	0.331073	0.367837	0.323903	0.278008	0.117994	0.219105	0.448192	0.297069	0.176193	0.137625	0.387544	0.088209	0.325963	0.437694	0.317591	0.587959	0.271308	0.326202	0.260862	0.331581	0.489875	0.316534
Niben261Chr14g0908006.1	bax inhibitor 1-like	37.483778	52.761016	34.488458	120.614262	77.886368	81.608608	143.963298	134.034955	66.927375	194.665808	261.435674	227.05608	267.849567	305.874329	262.341818	238.503462	167.396723	224.950054	128.460823	107.536479	108.074436	103.875257	108.093906	95.610774	17.866511	17.217582	14.898092	40.232493	36.128108	27.495623	40.614038	55.1038	36.180907	97.030619	144.007516	145.994789	204.763727	121.439558	181.504649	76.108883	68.405754	93.937951	91.765662	74.846532	84.448638	103.981767	71.408592	99.295398
Niben261Chr14g0950012.1	Heat shock 22 kDa protein, mitochondrial	70.603598	134.740772	35.56704	172.109754	173.836381	130.232372	248.960254	179.21859	81.08341	569.215906	624.205446	548.746382	648.43808	799.346499	635.883972	826.099554	932.198395	705.259565	854.263506	695.750117	601.862119	319.642447	288.67015	183.956197	2.943013	5.548798	1.38303	8.037635	8.595907	5.002751	6.369913	6.98203	4.284647	58.837358	84.579141	105.206835	155.792881	51.786843	149.354059	92.436544	85.829634	69.656262	214.230041	75.992844	94.707451	75.117682	61.188531	78.321654
Niben261Chr14g0976002.1	FAM10 family protein At4g22670-like	14.60619	16.212032	15.133664	19.496368	20.540537	18.152379	21.009207	20.65966	19.545438	30.056339	26.364645	30.428259	27.995442	33.536431	27.822433	39.757787	50.783933	48.400967	50.540158	61.33748	50.305127	52.100866	50.799308	39.006353	10.130474	9.22068	9.015021	9.611177	11.970512	8.661754	8.060823	8.971947	7.511099	8.799075	7.398399	8.998172	12.83932	12.849548	10.30331	12.607665	16.158127	13.706099	22.917253	20.024752	20.054478	16.742778	15.475958	17.271527
Niben261Chr14g0997003.1	Glycosyltransferase	0.08914	0.042058	0.062826	0.021895	0	0	0.172685	0.062494	0.066275	0.284041	0.416208	0.358669	0.317346	0.333917	0.288997	0.305501	0.474672	0.319601	0.205052	0.418042	0.11159	0.339947	0.093082	0.029299	0.118853	0	0.181841	0	0.06013	0	0	0.021386	0	0.095112	0	0.166697	0.069614	0.139516	0.024227	0.207169	0.224574	0.176127	0	0.049247	0.060446	0.065651	0.036923	0.14345
Niben261Chr14g1362021.1	heat stress transcription factor B-2b	0.755052	1.157979	0.688554	1.109278	0.791575	0.771398	1.348658	2.0225	0.56235	4.892739	4.258507	3.749615	5.212156	5.706666	5.855447	3.767427	4.67485	3.818909	1.486377	2.063273	2.000756	1.517946	2.323862	1.859598	0.064872	0.337404	0.056281	0.14255	0.064239	0.066164	0.327623	0.54668	1.066673	1.089254	1.729542	1.473936	2.107947	0.734542	3.463364	1.331046	0.647871	1.333154	0.296291	0.194086	0.132132	1.240239	0.323712	1.255863
Niben261Chr15g0447006.1	STE20-like serine/threonine-protein kinase	5.884645	7.319512	5.542849	9.604111	9.898593	3.007903	6.202621	7.187053	6.272676	23.349255	25.836117	25.734129	33.314733	32.195761	36.505288	40.347103	42.69746	38.30704	13.262729	15.970025	14.501948	10.42334	21.169059	17.375831	3.056169	5.175279	2.886167	9.706623	4.043102	2.794667	4.637237	2.486203	9.705721	2.558841	2.564035	2.623928	5.34495	4.625974	8.89481	3.49895	5.393162	3.375462	2.256444	4.091493	4.743224	5.176188	3.216269	3.669524
Niben261Chr15g0589001.1	RanBP2-type domain-containing protein	1.19024	2.168052	0.908154	2.007684	1.525608	0.991221	2.184499	1.678332	0.895801	11.053389	11.943709	11.465276	12.726458	13.869038	12.465497	11.227229	10.663734	9.525837	4.124312	3.888296	3.45245	3.191305	3.847896	2.804853	0.550096	0.485609	0.49361	0.241091	0.767791	0.459244	0.541434	0.703801	0.514261	2.102205	3.800241	3.011182	4.061595	2.229666	4.824375	2.163085	2.436551	2.320342	1.018649	1.759043	1.435655	3.56614	1.906236	2.856756
Niben261Chr15g0613010.1	10 kDa chaperonin-like	740.449887	1082.163822	611.801363	1114.882123	1144.818798	1018.929546	1338.475449	1072.74796	838.672803	1722.492933	1647.015075	2014.922293	2073.285146	2515.571666	1975.580026	2741.714012	3361.676683	3375.219253	3168.544175	3110.326708	2836.330345	3041.065956	3031.29843	2383.627842	333.570253	568.129276	323.522367	406.916415	409.997573	379.93841	340.479025	276.918907	343.894872	476.541303	500.273581	509.817863	670.773136	549.487124	817.71565	572.57602	637.821105	631.073157	1040.236985	732.980905	814.397489	821.23526	650.145812	800.010772
Niben261Chr15g0785007.1	AT-rich interactive domain-containing protein 1-like	0.116339	0.143448	0.144392	0.125758	0.361971	0.120426	0.114421	0.146673	0.090146	0.656756	0.544271	0.428411	0.601936	0.752444	0.477926	0.562441	0.852848	0.498592	0.446302	0.564094	0.52414	0.518539	0.699806	0.435171	0.124202	0.142696	0.077731	0.087957	0.13663	0.221018	0.045599	0.06177	0.061626	0.098033	0.14536	0.038329	0.152249	0.04963	0.137257	0.106992	0.128086	0.24293	0.090826	0.090407	0.344338	0.054514	0.137145	0.08795
Niben261Chr15g1115005.1	Procollagen-proline 4-dioxygenase	9.687872	15.788549	10.459382	20.85764	16.087017	17.774148	20.139785	25.772682	14.058703	45.398042	52.244677	46.999304	47.737904	52.652349	46.889135	41.910611	33.118479	41.929203	32.549749	29.790702	28.340256	25.335065	27.37827	20.550112	3.771781	3.978006	2.908715	8.819874	5.08376	4.167508	7.05506	9.357601	8.03944	25.501477	37.079095	36.677178	37.382379	22.264539	38.788303	22.618735	19.183047	23.855198	15.08641	12.120452	15.775617	20.938437	14.600697	19.196466
Niben261Chr15g1523013.1	pentatricopeptide repeat-containing protein At2g31400, chloroplastic	8.675972	8.608892	8.428501	6.864073	8.368731	6.839166	5.876188	6.310356	6.802076	10.704975	10.628165	10.859373	11.663307	12.535498	10.819232	13.481479	16.120582	18.710121	15.813071	17.178074	14.615821	13.843895	16.057357	13.754129	8.773883	9.743344	10.029189	6.525526	7.804985	6.019805	3.967344	5.173284	4.068811	6.312677	7.365755	8.421897	8.587705	7.948556	7.507554	7.412851	11.55305	9.629742	8.878993	8.500187	8.630688	9.938382	10.135185	10.240839
Niben261Chr16g0254004.1	dnaJ homolog subfamily B member 1-like	3.98993	3.773705	1.539357	2.549858	2.118857	1.58816	1.250001	1.814403	1.555704	15.133325	14.408471	19.090213	31.46038	36.343543	33.063487	44.1149	67.248477	45.78834	18.408741	27.044344	15.63747	13.103654	18.298954	12.316141	0.710777	1.008232	0.952969	0.809697	0.575875	0.593132	0.792501	0.519402	0.663977	1.126751	1.618503	1.304988	2.165445	1.359186	3.62247	2.398692	1.774277	1.719302	1.515526	1.1116	1.051239	1.740231	1.016728	1.500527
Niben261Chr16g0350012.1	protein HEAT-STRESS-ASSOCIATED 32-like	6.835061	6.034277	4.633469	4.532822	4.825019	4.507591	4.647861	4.808174	2.468028	7.771645	11.037504	10.936159	12.353726	14.883331	11.321634	23.71129	27.965972	25.046357	29.613327	34.561072	24.169722	18.069498	19.932389	12.025203	4.004304	3.873798	3.404541	1.312334	2.022284	1.347746	1.097819	0.590108	0.576116	1.658351	0.905933	1.617435	1.545249	3.110017	1.197144	2.500492	4.333934	3.167029	4.782788	3.833639	3.98548	2.365933	2.070107	3.100023
Niben261Chr16g0434017.1	Zinc finger an1 domain-containing stress-associated protein 12	29.554729	39.176307	29.994992	82.819607	60.739097	70.549777	179.708528	166.86644	68.005789	270.929126	310.645847	268.738878	220.102163	377.199251	276.62952	221.426417	180.878503	167.753472	160.740457	132.20546	123.413118	122.635622	128.796272	88.178035	4.030561	4.653901	6.434142	15.229651	7.184276	3.288694	8.956457	16.415379	8.781253	26.35631	45.593677	50.062266	50.756402	29.086748	57.4782	21.429931	21.199887	38.253939	24.873144	18.329357	16.355093	47.069248	32.976522	43.373109
Niben261Chr16g0519016.1	microsomal glutathione S-transferase 3-like	167.690566	227.372568	154.590088	293.846991	219.419921	228.490709	277.811799	285.714538	199.78003	586.145164	723.054651	729.868503	537.404128	748.004007	524.851782	536.193489	446.362066	461.342383	470.680693	466.725485	492.360133	329.436483	322.052038	294.396796	77.420078	87.337588	83.506947	110.932435	122.012876	109.001805	104.376319	129.64909	104.561597	321.539427	394.141965	577.103869	399.502	276.99501	311.023658	345.566431	319.767563	401.512949	252.529848	337.469663	277.600791	320.443977	257.788513	338.667264
Niben261Chr16g0761009.1	pollen-specific leucine-rich repeat extensin-like protein 1	4.185763	6.255534	4.852142	7.487415	7.095076	6.913771	6.836847	7.918825	5.211547	11.975319	14.322475	12.13543	10.029191	13.37998	11.104856	10.983204	11.407517	11.298738	8.770548	8.445369	8.001375	8.518206	8.237522	6.411212	3.199151	3.22768	2.714428	4.974269	4.138888	4.418156	4.581784	4.179895	4.618799	6.671131	9.163662	8.238942	9.079932	4.889747	8.866937	5.821106	6.307322	6.110438	7.208785	5.725221	6.465987	8.619026	7.169172	7.917497
Niben261Chr16g0933001.1	Heat shock 70 kDa protein	238.77415	331.406753	348.450907	517.483145	420.749329	414.5386	584.732383	645.881728	390.24039	940.491593	977.511604	1003.617716	928.170016	1066.94725	921.055744	910.151157	903.369236	899.123907	915.640924	940.473302	681.246312	946.12062	1059.012936	940.887555	109.599679	118.528465	106.727093	164.352957	131.771972	100.353456	140.203982	191.954692	138.893147	342.512001	429.116147	424.941758	456.245563	343.392143	547.593732	177.536668	188.748778	205.612241	199.190569	167.131394	163.124197	242.481472	214.675398	239.068
Niben261Chr16g1185001.1	Heat shock 70 kDa protein	17.78399	23.847204	17.038427	34.515987	32.238146	24.874598	34.194618	34.509112	30.567746	77.221244	73.523798	77.715946	70.657841	81.743324	63.760509	68.909981	86.334034	79.140977	80.554995	87.453753	71.830521	72.82972	73.436889	68.559181	11.142956	10.532698	10.37556	14.659803	14.161142	11.066329	12.797469	13.436025	13.795198	22.340351	27.353543	27.069223	30.299321	20.32699	34.443316	19.970224	20.731059	19.535192	22.638881	20.479452	22.169114	23.069041	21.245827	24.472829
Niben261Chr16g1189004.1	2-oxoglutarate-dependent dioxygenase AOP3-like	3.980771	1.969217	2.898978	1.88456	4.01584	2.455515	3.566806	3.178595	4.474548	2.334194	3.31573	2.372963	2.045736	2.100215	2.189466	0.61023	0.814806	0.975617	1.565743	3.449712	1.923658	2.43282	2.264447	3.621931	2.787752	1.872851	2.082671	3.284299	4.524271	3.51463	3.743229	4.201636	3.581123	8.439553	4.442435	5.864794	3.853464	4.949297	3.067515	2.694171	2.062303	1.781715	3.93093	3.59105	3.112595	3.095152	4.61249	3.971712
Niben261Chr16g1420015.1	Serine/threonine-protein phosphatase 2A 55 kDa regulatory subunit B	3.543822	5.963034	3.166217	8.231049	9.054344	8.586694	9.045429	8.871665	6.9481	13.616348	14.971897	15.189153	12.58141	15.03845	12.386101	13.926619	15.667704	15.182571	14.990951	13.488351	14.716692	11.4384	13.204837	10.289329	2.731152	2.631771	2.164694	4.494997	4.3905	3.715651	4.028561	3.187545	3.864812	5.254455	7.159214	5.508549	7.100242	5.119384	7.620013	4.366863	4.512998	3.934439	5.347241	6.35506	5.151606	3.915282	4.532556	4.913675
Niben261Chr17g0102008.1	ADP-ribosyl cyclase/cyclic ADP-ribose hydrolase	0.255309	0.295138	0.176695	0.519403	0.457843	0.408692	0.918067	1.292399	0.829012	3.597921	3.314247	2.961128	1.945574	2.65541	1.565684	2.317242	2.599741	1.841595	1.065915	0.837428	0.710524	1.260345	1.509664	0.713737	0.062673	0.058674	0	0.073366	0.077134	0.063921	0.10852	0.238034	0.115932	0.163941	0.236843	0.114256	0.192935	0.010258	0.194422	0.022638	0.010624	0.03711	0.062381	0.076228	0.072612	0.119804	0.084521	0.196225
Niben261Chr17g0704004.1	Cyclin-sds	0.065334	0.063443	0	0.022153	0.025686	0.053399	0.062053	0.178383	0.097306	0.856587	0.946388	1.096581	0.660141	1.853766	0.680191	1.17538	1.351091	1.24802	1.086342	0.694624	0.557773	0.448895	0.754376	0.3303	0	0	0	0.032465	0.016676	0	0.024299	0.022561	0	0	0	0	0	0	0.025173	0	0	0	0	0	0	0	0.037851	0
Niben261Chr17g0798005.1	Sodium/hydrogen exchanger	3.573985	3.162128	2.861135	4.845331	4.943194	3.844639	4.115369	4.475695	5.349133	10.92063	11.398083	10.464572	10.748422	9.022315	9.091343	9.909587	12.384154	12.354006	10.860166	12.849912	13.26205	9.126579	10.691078	8.646184	3.568825	3.523163	4.373554	4.89448	4.987621	4.171194	5.474695	3.95656	4.289486	5.400025	6.262394	6.752155	7.293508	5.236094	6.408671	6.104578	8.810384	8.434694	6.594615	6.899818	6.633573	6.479364	5.010946	7.306662
Niben261Chr17g1207004.1	Heat stress transcription factor a-6b	3.082465	2.612253	0.852155	1.292205	2.511808	0.77871	1.224282	1.938251	1.168588	19.376759	16.468458	15.271941	24.423829	23.184462	23.945927	36.492427	51.223365	21.796787	3.838791	7.436317	5.95424	5.996069	8.08893	5.18728	1.097866	1.532726	0.551437	0.334184	0.371924	0.117867	0.333508	0.116118	0.356289	0.503795	0.887075	0.583493	2.8167	0.841459	3.627725	1.804151	1.779297	2.285047	0.575134	0.561846	0.55299	0.40166	0.389632	0.61509
Niben261Chr17g1291020.1	Peptidylprolyl isomerase	2.901465	2.942177	1.148631	3.327824	2.285497	1.503303	1.799044	2.365205	2.259973	14.693999	11.283705	12.386188	12.295809	12.200916	9.527359	17.996234	19.382335	11.735127	6.174794	9.182123	6.461325	5.620117	8.029236	6.619034	0.689698	0.557857	0.401268	0.495135	0.483088	0.555377	0.132115	0.402719	0.428576	2.862961	1.947698	1.580062	2.292134	2.137965	4.738573	2.076461	2.061315	1.724276	0.422902	0.829886	0.307662	0.525563	0.719628	0.31566
Niben261Chr17g1529001.1	F-box domain-containing protein	0.183439	0.534382	0.214551	0.621983	0.576936	0.899569	0.522674	0.333897	0	2.315958	1.518381	1.811096	2.417573	2.564686	1.527814	1.91619	2.487508	1.822109	1.001531	1.248187	2.262079	1.800513	2.706404	2.425481	0.189126	0.295102	0.656326	0.364603	0.374565	0.096447	0	0.50675	0	0.20612	0.916884	0.238727	0.384137	0.153009	0.989485	0.506154	0.944396	0.543937	0.376492	0.707294	0.542994	0.328666	0.425099	0.732086
Niben261Chr17g1536002.1	splicing factor U2af small subunit B-like	0.473323	0.227068	0.186611	0.269331	0.181619	0.383639	0.30658	0.642523	0.234507	1.762805	1.417085	1.380548	0.965558	1.424469	1.189111	1.294466	1.955634	1.637513	1.548011	1.543226	1.251092	2.080738	1.460726	1.711578	0.312772	0.242606	0.149019	0.059349	0.332385	0.283074	0.233722	0.154859	0.257449	0.088302	0.394867	0	0.334982	0.267362	0.29346	0	0.921708	0.228269	0.078331	0.126162	0.307009	0.353119	0.269441	0
Niben261Chr18g0069016.1	classical arabinogalactan protein 1	1.480163	2.555204	0.577069	3.680425	5.043219	3.360458	4.529843	3.816789	4.245677	5.909686	8.848497	6.603213	7.513927	8.926979	6.848822	8.398933	9.812789	12.314941	4.897768	5.315553	5.772203	3.067081	4.852862	3.453727	1.695615	2.116593	1.323967	1.307542	1.679084	1.383519	1.712677	1.476565	1.916793	2.956754	3.151129	3.210469	4.304978	5.212856	4.055427	2.571493	3.669033	2.926007	2.531583	2.916979	2.758658	3.683323	3.62067	2.953589
Niben261Chr18g0557014.1	SLT domain-containing protein	3.080068	3.47013	3.691814	6.61504	3.453713	4.157522	7.540834	8.525785	3.738426	15.273591	17.546551	13.997114	10.086207	13.709478	10.066155	8.101932	6.74075	7.40219	6.677137	4.703481	4.933204	5.028379	6.955312	5.09962	1.858773	1.70726	1.603792	2.26137	1.502595	1.191445	1.690709	2.540151	2.050028	5.958692	9.434992	9.404723	8.70655	4.516597	10.434042	4.832305	4.18013	5.803454	4.037058	3.143638	3.632013	4.636617	4.176343	4.791227
Niben261Chr18g0746001.1	Unknown protein	0.179301	0.174109	0	0.486363	0	0.293093	0.170295	0	0	1.044793	0.494711	1.180163	1.417825	2.211914	1.792023	0.83243	1.580463	1.507007	1.067934	1.220032	0.850406	0.70396	0.920124	0.836743	0.18486	0	0	0.178189	0	0	0.133372	0.37149	0	0.201471	0.149367	0.233342	0	0.299115	0.138167	0	0	0	0	0	0	0	0.207755	0
Niben261Chr18g0858015.1	dnaJ protein homolog	87.806846	117.116002	62.055221	236.850509	178.92144	153.810206	330.35218	342.911962	207.547628	694.371409	681.081537	712.098382	628.338405	732.064116	644.844494	519.237629	493.162498	503.826149	340.292758	351.003082	326.275303	415.337503	456.297386	371.532238	7.252773	7.103902	3.324748	32.384284	12.888258	7.932434	20.796239	38.04299	25.979595	99.593855	124.606746	110.467348	150.465451	85.106559	263.38096	35.267078	35.380261	52.368101	37.868626	33.096635	30.454324	76.045937	53.587679	70.964559
Niben261Chr18g0944002.1	transcription factor bHLH91-like	0.718631	2.551472	1.11753	5.175605	3.866382	4.021743	8.986055	7.711852	4.585116	11.135717	9.978035	16.186763	8.734369	10.467169	8.028375	8.39665	8.205883	8.6276	7.026417	5.4174	6.948644	3.282405	4.023409	1.464458	0.082092	0	0.071221	0.079129	0.162582	0.167454	0.410047	0.164969	0.168727	0.626274	0.19899	0.310863	0.500211	0.199244	0.552203	0	0.204961	0.177075	0.408547	0.184204	0.392817	0.784633	0.736421	0.47665
Niben261Chr18g1377001.1	NAC domain-containing protein	0.863801	1.797403	0.793812	1.338904	0.921751	1.311119	2.168218	1.881136	0.796377	6.231813	5.617814	5.441878	5.692086	5.987715	4.522172	5.299339	11.922659	5.892977	2.66431	2.256586	1.697291	1.574576	1.029039	0.479891	0.063671	0.148887	0.165567	0.981049	0.251971	0.291957	0.229475	0.426116	0.326867	0.763783	1.130784	0.963512	0.901597	0.566038	1.045991	0.113497	0.105883	0.595502	0.823098	0.714764	0.547911	0.442189	0.285966	0.554037
Niben261Chr19g0094021.1	20 kDa chaperonin, chloroplastic-like	197.088521	227.115933	167.053182	233.912832	225.349845	246.944036	265.404958	212.076163	209.776116	238.397507	216.604651	274.057717	238.365181	278.257118	226.589361	305.308192	421.713044	440.258411	427.566713	402.397619	372.5474	270.651494	252.644819	259.576773	167.88927	203.009394	150.36712	135.548649	145.276457	165.657885	122.574874	89.287206	129.124493	105.18027	91.670595	101.740938	103.565996	105.982653	107.761997	117.396793	140.623818	120.510103	181.555176	148.39659	134.378199	133.448577	143.490084	145.153457
Niben261Chr19g0115032.1	Glucan endo-1,3-beta-D-glucosidase	0.376062	0.883822	0.509165	0.56357	0.404667	0.128265	0.338307	0.420659	0.326194	2.794544	2.174188	2.069914	3.425843	2.892917	3.394254	1.516659	2.089635	2.531101	3.159276	2.654125	2.353085	1.608772	2.298227	1.652595	0.367366	0.222857	0.247824	0.288728	0.141166	0.249596	0.176417	0.273005	0.167847	0.512525	0.395522	0.772797	1.119071	0.759709	0.945772	0.290778	0.305523	0.424737	0.406173	0.54897	0.429265	0.460505	0.411771	0.632139
Niben261Chr19g0179021.1	Taste receptor type 1 member 1 like	7.543329	5.915306	6.548186	6.259129	6.74895	6.528264	5.700806	5.253362	6.0407	7.665038	6.367877	5.082777	6.20998	4.841881	4.713138	4.739292	4.443005	3.737915	5.03036	5.607272	5.17817	4.696763	5.044326	4.872724	5.760524	6.87519	6.284738	7.688249	7.004768	4.906741	7.169517	7.89028	7.401527	8.057848	9.088082	8.294148	6.637099	5.305463	5.888475	6.721502	6.498103	6.990692	6.115167	8.031886	7.699964	6.150384	6.609161	7.307586
Niben261Chr19g0250003.1	1-aminocyclopropane-1-carboxylate oxidase	2.162455	3.782903	1.476849	1.5782	1.558917	1.816933	1.8268	1.534655	1.073554	8.81116	8.620784	10.357312	7.698655	6.920221	6.355088	6.550825	5.662186	4.775198	4.266194	4.547077	4.040147	4.473031	3.700256	3.504387	0.371583	0.531481	0.053729	0.537262	0.58277	0.380918	0.427763	1.274726	0.636882	4.59109	6.856673	7.020043	4.150997	4.212891	5.540093	3.480602	3.03278	2.582674	2.280762	2.58404	2.432104	2.582965	2.205417	2.217705
Niben261Chr19g0265003.1	Pept_C1 domain-containing protein	9.819382	2.724299	2.296962	3.995327	1.32356	1.834414	3.197536	4.595995	3.34275	11.988489	13.546342	12.74159	12.078383	20.996701	11.683284	17.258235	10.652385	9.860823	3.063506	4.056606	3.725778	15.69624	14.577203	14.620026	8.677561	4.287656	10.539815	1.115257	4.726127	1.327568	1.043437	2.518846	1.486283	8.511538	5.141741	5.476683	6.462532	3.744219	8.215222	5.934898	2.407284	6.655231	0	2.812535	0.553641	4.77532	5.526285	3.638899
Niben261Chr19g0386008.1	2-methoxy-6-polyprenyl-1,4-benzoquinol methylase	11.153233	14.604432	6.756585	5.61391	8.571188	6.266013	9.504997	11.028059	6.915434	31.466938	37.277896	34.750915	50.998239	66.782628	44.310589	104.379891	119.458108	96.142188	36.509777	31.513203	29.947028	48.88672	54.522549	52.390339	4.476503	3.505235	2.827829	2.427681	2.782643	3.402064	1.931865	2.016229	2.333199	2.33463	1.694706	3.593245	8.026813	6.355771	5.879009	7.341735	10.233248	6.626216	4.145517	3.760462	3.532746	5.266296	6.191627	4.785414
Niben261Chr19g0648010.1	Mechanosensitive ion channel protein	0.471986	0.641646	0.331216	0.720159	0.816642	0.424339	0.29138	0.515529	0.702953	2.016866	1.595228	2.034816	2.301889	2.601004	1.802116	3.916845	4.752101	3.926714	1.757069	2.64954	2.551938	2.246825	1.922552	1.83558	0.51095	0.341682	0.316634	0.469059	0.554156	0.421841	0.157987	0.260747	0.174803	0.875066	0.393188	0.399251	0.61785	0.570899	0.636603	0.607752	0.506243	0.349856	0.460136	0.473239	0.349289	0.507381	0.601731	0.329638
Niben261Chr19g0709003.1	cytoplasmic 60S subunit biogenesis factor REI1 homolog 1-like	7.416209	8.169246	6.721657	11.519858	9.407195	8.992373	12.893615	10.521011	7.303108	26.288094	32.175056	25.913155	26.005702	34.530591	27.526303	32.242879	30.2184	31.334832	39.436075	36.339065	33.624925	28.580503	30.403678	27.519718	8.161087	6.993674	5.872152	6.353764	7.025763	6.597189	5.824134	6.696784	6.190772	8.26259	10.21792	10.316532	10.019996	9.627156	12.865836	11.260475	11.192331	11.304493	12.648744	11.442215	11.410186	18.482598	14.966847	16.808876
Niben261Chr19g1105009.1	Heat shock protein 90	28.814643	36.99308	23.176419	37.641547	40.882733	36.293119	33.715068	30.160921	29.372547	52.577263	43.843345	54.436073	50.223466	49.920987	44.941495	63.215683	94.613404	99.541415	83.996064	97.8574	83.250808	82.472416	82.319213	86.677711	24.16029	32.531722	17.220326	20.334502	22.751049	23.189114	12.570856	9.209493	14.061063	18.239648	16.501691	17.00585	19.02998	19.449296	19.742807	23.546055	34.104585	23.97336	51.63135	37.879872	38.016145	37.222979	38.729956	37.934452
Niben261Chr19g1350017.1	Uricase	0.343924	0.113548	0	0.700944	0.823377	0.665756	0.758307	0.784455	0.231032	2.254746	4.169297	3.897029	1.733357	3.327791	2.316993	6.333016	5.350606	8.880569	5.568019	6.921857	6.9518	5.469047	8.049392	6.685656	0	0.093582	0	0	0	0	0	0.080351	0	0.392254	0.096927	0	0	0.194118	0.089655	0	0	0	0	0.133424	0.17583	0	0	0.232178
Niben261Scf01681g0000003.1	stromal 70 kDa heat shock-related protein, chloroplastic	55.309784	43.579871	44.132091	45.664851	56.826616	49.947408	38.549139	35.630208	38.516384	45.211518	41.748792	47.046655	45.893414	51.237049	45.705677	82.873743	119.627957	133.961645	83.289914	101.483113	82.899977	73.719247	70.986185	62.600621	52.188972	42.331495	47.756691	29.22166	43.736681	36.621546	21.048281	21.586399	26.810585	22.484357	16.918049	17.524197	23.155799	30.099182	24.222832	33.320773	54.733446	40.062781	40.426011	40.452791	38.172393	31.880456	26.989712	34.335741
