GFP22h1	GFP22h2	GFP22h3	GFP25h1	GFP25h2	GFP25h3	GFP28h1	GFP28h2	GFP28h3	GFP34h1	GFP34h2	GFP34h3	GFP37h1	GFP37h2	GFP37h3	GFP40h1	GFP40h2	GFP40h3	GFP46h1	GFP46h2	GFP46h3	GFP56h1	GFP56h2	GFP56h3	pcrtB22h1	pcrtB22h2	pcrtB22h3	pcrtB25h1	pcrtB25h2	pcrtB25h3	pcrtB28h1	pcrtB28h2	pcrtB28h3	pcrtB34h1	pcrtB34h2	pcrtB34h3	pcrtB37h1	pcrtB37h2	pcrtB37h3	pcrtB40h1	pcrtB40h2	pcrtB40h3	pcrtB46h1	pcrtB46h2	pcrtB46h3	pcrtB56h1	pcrtB56h2	pcrtB56h3
Niben261Chr01g0349002.1	2.414491	2.995271	3.317892	4.399019	7.086433	5.274681	6.144957	6.677891	10.797741	4.757306	5.39243	6.348419	3.450463	4.585705	3.368857	4.330673	5.087974	5.305465	3.786849	3.1905	3.721516	12.018075	11.820074	10.542766	3.575192	3.072754	3.82928	6.030848	8.302293	7.262005	7.233186	13.04388	7.809028	4.83288	4.620573	4.512135	4.545639	3.974887	3.744407	5.096949	5.197279	4.169981	4.373654	5.747704	6.251571	6.862557	7.288738	7.918461
Niben261Chr01g0755001.1	0.831875	0.592377	1.03783	3.347137	2.093071	2.175701	3.002338	2.119858	2.202587	1.07719	1.912689	0.876065	0.974525	0.50171	0.969984	0.901154	0.789639	0.635619	1.266206	1.226416	1.841227	3.973691	4.055501	4.0115	0.457422	1.070602	0.595272	0.99206	0.877614	0.670645	0.9488	1.072425	0.76388	0.436207	1.616985	1.154773	0.580672	0.693878	0.854705	1.12217	0.475859	1.0689	1.422789	0.727033	1.203847	2.086645	2.95592	1.825959
Niben261Chr01g1380005.1	6.385374	9.247127	4.928202	8.724081	5.646153	6.31245	6.285607	6.594322	8.918693	7.635693	4.621124	5.654544	6.471871	4.134725	4.378127	6.157658	6.670297	8.46321	4.383355	6.201253	6.813718	13.547884	10.022978	11.946856	5.702922	9.499566	3.39898	9.820331	4.148553	4.466043	10.594631	7.34668	10.282046	5.969131	4.226683	3.460671	3.106313	3.732772	3.537219	4.070104	4.202236	3.685497	3.25874	1.496137	1.542302	5.141353	7.457234	5.571298
Niben261Chr02g0078008.1	0	0.045991	0	0.064237	0.07448	0.03871	2.429111	3.232867	2.91564	6.899577	9.670193	8.19879	5.701022	6.466023	5.32535	2.968477	3.147055	3.003675	0.728748	0.443125	0.31449	20.222251	18.593454	18.860914	0.097662	0.038097	0.042365	0.141207	0.048355	0.12451	3.452566	2.126136	4.365864	3.778523	4.655742	4.992646	3.124209	2.093807	3.029237	0.827672	0.731508	0.807533	0	0.146095	0.046732	18.159845	16.298975	18.334871
Niben261Chr02g0727009.1	0.726688	1.293005	0.637194	3.324611	4.054779	3.365225	7.473821	7.904773	10.9981	3.879054	4.177947	5.361658	3.880391	4.331565	3.47874	4.777554	4.678723	4.85643	3.317656	3.140719	3.387518	12.178599	13.745053	12.585292	1.372972	0.486936	1.329531	4.390969	5.994455	6.396725	9.442483	10.157726	10.325463	3.197759	3.726403	4.017412	4.246103	4.190516	3.171685	5.12188	4.882461	5.967584	2.981501	2.753938	3.52361	9.218771	10.941311	10.024379
Niben261Chr02g1263003.1	1.803917	1.744488	1.930276	3.729806	4.367646	3.391638	5.147184	6.015176	7.583658	5.049761	4.363048	4.851468	3.922576	5.062746	5.253433	6.235519	5.409315	5.677028	4.3939	4.921448	4.112774	12.150572	11.638663	9.393541	2.603617	2.251433	2.557223	5.672023	6.073689	5.415621	7.409255	7.445898	6.668563	4.990636	4.601013	4.766336	5.023723	4.843084	4.864055	5.061293	6.354912	5.326639	2.795062	2.943689	4.63961	9.46384	8.100126	8.530508
Niben261Chr02g1355017.1	0.325325	0.367016	0.336632	0.73543	0.976867	0.670852	0.86364	0.972647	1.289734	0.946015	1.147031	0.978479	0.921608	0.981892	0.66212	0.526395	0.886273	0.60047	0.696463	0.845703	0.725362	2.054256	2.058691	1.958965	0.35172	0.396532	0.371268	0.857708	1.043195	0.976315	0.937544	1.015548	0.950087	0.937149	0.699325	0.805355	1.083927	0.542475	0.957621	0.399877	0.650519	0.516685	0.713585	0.613506	0.454566	1.324032	1.107524	1.571341
Niben261Chr03g0170015.1	4.830894	5.211731	3.902032	10.642899	9.717383	12.096296	17.163077	18.49948	20.557217	11.372214	12.385917	11.956536	10.02311	9.302725	7.814706	6.661903	6.792603	7.017126	11.061719	9.8752	13.57191	30.020764	23.950188	19.696275	4.160645	3.625463	3.92629	12.67904	10.529759	10.050558	19.767818	15.918656	13.07371	9.779709	10.345198	10.35875	8.469411	7.879475	8.12082	7.939476	5.322676	7.048735	8.791273	9.091053	11.10696	15.418931	15.375477	16.271388
Niben261Chr03g0375004.1	3.60695	3.388222	3.713986	5.092914	5.125029	4.51357	4.765245	4.499493	6.112215	4.052016	3.217857	2.818075	3.209554	2.961523	3.340558	4.179897	4.415852	4.07897	5.56578	5.78377	4.521304	6.593452	8.053361	7.307273	5.05676	3.685492	4.262708	4.49028	5.30635	5.011613	4.041762	4.970313	3.889321	5.303498	4.171087	3.095915	2.887651	3.949478	2.836517	3.504207	3.943612	3.402905	3.936178	3.514277	3.253482	3.469255	3.722687	3.055181
Niben261Chr03g0877001.1	6.18264	5.647201	7.386764	8.413511	9.656361	8.472066	9.475243	9.547479	11.719263	9.660048	7.911625	8.921575	9.37903	7.601281	8.223759	7.65157	9.449526	7.622384	8.096062	8.161417	8.371265	15.493186	15.424461	14.902361	7.971736	8.741132	10.613453	10.317669	12.290942	10.54695	12.298413	12.527025	12.81165	9.241874	7.336691	8.184331	10.103017	10.219472	8.173756	8.848265	9.501655	7.984387	7.876055	8.84864	9.658446	14.604309	13.737139	14.559973
Niben261Chr03g0990007.1	3.230959	3.393323	2.55652	5.078825	6.322332	5.500418	5.311622	6.377054	9.519259	5.756437	5.221649	6.301752	6.843519	5.266986	5.841785	6.599055	8.93342	8.436894	6.172701	7.634974	6.213343	14.139644	15.094012	15.174942	4.489611	4.807232	4.367008	8.416841	7.918837	7.99416	8.352698	9.577044	10.80873	7.013577	5.212056	4.331843	7.838273	7.224655	5.569395	8.035529	8.96941	7.342413	5.531243	7.566582	7.386612	10.0352	11.467553	9.458419
Niben261Chr03g1033006.1	1.383871	1.391792	1.040519	2.647779	3.652933	2.90845	3.943076	4.093267	7.410052	5.663897	3.613695	5.40013	4.646416	3.983432	3.210784	2.753489	3.183494	3.814155	2.477645	2.774466	2.953596	13.001013	12.649801	14.030974	1.174094	0.834848	1.14942	4.174989	4.667505	4.313641	6.286576	6.826685	6.598173	5.275814	4.652512	4.759701	4.553909	3.916395	3.350892	2.954748	3.392649	2.161657	2.383798	2.628189	2.630049	7.128471	5.497652	7.643284
Niben261Chr03g1445013.1	2.110433	2.437758	3.212879	4.636891	4.634376	3.299235	5.105159	6.836458	9.9377	4.225359	4.552741	5.249235	5.036172	3.130625	4.331895	3.816328	3.511315	3.860986	5.52417	6.721197	4.764035	16.297493	17.48995	15.936856	2.378064	2.974106	4.676433	4.980307	4.671958	4.245736	4.66707	8.330516	5.031237	7.044166	5.342188	4.809077	4.825782	6.294717	4.461771	4.520507	6.324874	4.676264	6.055235	6.349522	7.228661	6.805506	9.39039	7.918163
Niben261Chr04g0178002.1	0.625655	0.54706	0.145433	0.91662	1.06287	0.606344	0.992404	0.951315	2.032981	2.046789	1.440384	2.023404	1.58513	1.18879	1.433089	1.250008	0.916202	1.69556	0.36625	0.259063	0.583904	3.196982	2.535613	2.077731	0.253538	0.545198	0.329915	1.106779	1.263598	0.969186	1.068942	1.571437	1.105751	1.046407	0.869924	1.039958	1.543664	1.229769	0.708874	0.506718	0.527456	0.597536	0.441559	0.330434	0.250989	0.495118	0.997085	1.47172
Niben261Chr04g0216027.1	0.115807	0	0.213584	0.46025	1.072033	0.742762	0.438278	0.655381	1.113958	0.43489	0.13471	0.73252	0.400642	0.671079	0.09399	0.651952	0.376725	0.431978	0.554169	0	0.320365	1.573156	1.604073	1.55791	0.200257	0.146547	0.166451	0.667156	0.655094	0.945267	0.74604	1.093969	0.244295	0.499581	0.666622	0.430028	0.214635	0.834419	0.164366	0	0.685853	0.586985	0.463771	0.599393	0.443369	0.295558	0.929282	0.786224
Niben261Chr04g1477003.1	0.465214	0.313056	0.609444	1.563505	1.624772	0.899918	1.997408	1.577151	2.514162	2.60388	2.175143	2.034068	2.192207	1.459473	1.94545	1.347408	1.294117	1.840903	1.046755	1.673271	1.552732	3.275112	3.928928	3.965342	0.398745	0.44796	0.417079	1.594283	1.77579	1.421847	2.035697	1.894676	2.806087	2.951361	1.887141	1.261656	1.331371	1.801863	1.478498	0.860513	1.027303	1.170042	0.860023	0.534283	0.773454	1.234247	1.513395	1.092793
Niben261Chr04g1670013.1	0.606749	1.035528	1.290286	1.83286	1.532418	1.457666	1.414485	1.489279	1.369187	1.374933	1.597988	1.682164	1.760833	1.633099	1.286332	1.387116	1.446092	1.784177	1.104232	1.391819	1.342946	2.526549	3.278785	3.003112	0.663473	0.931721	1.661055	1.370424	1.62374	1.450055	1.408681	1.333296	1.071453	1.590794	1.792059	1.220325	1.463095	1.058204	1.02011	1.2514	1.088568	1.049501	1.566055	1.375325	1.469474	1.976556	2.258235	1.96286
Niben261Chr05g0166006.1	2.564758	2.7169	2.787653	4.101501	5.278918	4.446537	5.0687	5.842993	7.150932	4.419808	4.949088	3.933902	3.118376	3.302452	3.214966	3.185661	3.43626	4.077723	3.021753	3.789985	3.021276	8.307096	8.883349	7.97803	3.044924	3.292445	3.777169	5.586739	7.405844	5.854787	5.914154	7.872112	5.932303	5.327096	3.659467	3.540061	2.712534	4.278599	2.994485	3.836246	3.645578	3.936451	3.016216	3.728734	4.181689	6.823251	6.514055	6.875487
Niben261Chr05g0186017.1	0.297828	0.160389	0.326235	5.059921	6.956169	5.394532	14.79279	17.668822	18.98303	15.960876	18.653666	16.903604	8.425044	8.850634	7.269461	2.497388	2.898262	2.650386	3.243458	3.136576	3.067561	29.61883	31.271715	27.233709	0.250441	0.193915	0.630786	6.200068	7.869632	7.78024	16.78377	19.330706	17.026611	10.756159	12.831172	11.102264	5.374359	6.00581	4.997772	1.772695	1.734539	1.807107	2.54363	2.48305	3.03751	27.752907	23.940398	27.559246
Niben261Chr05g0475008.1	0.040531	0	0.091001	1.471	1.658868	1.188607	4.759186	5.588814	6.623665	2.428735	2.596561	3.204747	2.157234	1.372014	1.596542	0.586671	0.423524	0.537715	0.864326	1.129134	0.700533	10.096642	8.617231	7.713585	0	0.079297	0	2.580068	2.352665	3.062738	8.146445	7.294736	7.88383	2.205018	2.782476	2.078311	2.039096	0.837304	1.794473	0.607339	0.559855	0.57488	1.215671	0.920092	1.128768	8.730714	8.207454	7.915679
Niben261Chr05g0857002.1	1.172339	1.288213	2.003585	3.212962	2.962195	3.173929	3.607906	4.022556	4.703533	3.350241	2.135079	2.91437	2.223891	1.797928	1.792962	2.132411	0.704151	1.964613	1.469515	1.908739	1.700686	5.968086	5.536886	5.049793	1.070476	1.233596	1.943151	1.864305	2.393588	3.059007	1.676187	3.090483	1.821568	4.308199	3.163965	2.611403	1.44702	1.553347	1.936129	1.384228	0.805179	1.683346	1.865734	2.195435	2.519908	1.920281	2.289641	2.303423
Niben261Chr05g0909012.1	1.375699	0.910524	1.075058	2.013567	2.005645	2.140561	4.365517	3.121788	5.884388	0.953887	0.508096	1.570695	0.920514	1.176571	0.633679	0.300164	0.778476	1.255541	0.361847	0.767566	0.39648	4.799726	6.750015	8.009363	1.978778	0.846908	1.166179	2.779845	3.357994	2.788298	3.0782	4.794692	3.840829	2.186348	0.873505	0.926655	0.639437	0.952532	0.37341	1.136872	0.870984	0.817839	0.630982	0.622147	0.89586	1.885499	3.303213	2.082174
Niben261Chr06g0265008.1	4.881805	5.843748	4.829405	4.019931	5.707882	5.101877	5.315397	5.817115	7.937923	6.893181	6.883555	6.738281	6.961447	5.153437	6.055932	7.263415	5.073415	5.570763	3.231392	3.589138	3.459225	10.745703	9.932513	10.224209	7.049668	5.829331	7.704973	5.462847	7.917521	7.441739	7.361151	9.438627	10.207394	11.741313	8.223973	7.84603	6.529217	11.644116	8.141174	9.408326	8.905379	10.019648	2.00903	5.17406	4.482737	6.365832	8.227383	7.602115
Niben261Chr06g0490002.1	0.519129	0.351457	0.523304	0.505749	1.281143	0.637827	0.7879	1.04333	1.904392	1.165381	1.641301	1.194677	1.322275	1.993636	1.20799	1.704986	2.117008	2.299827	0.943744	0.846027	1.810441	8.153932	7.102423	7.894997	0.54879	0.501352	0.380509	0.581674	0.768659	0.930703	1.338463	1.303247	1.743722	1.701061	1.5157	1.178264	0.829988	1.442968	1.107464	2.125175	2.03033	1.219914	1.086647	0.866306	0.756412	3.776473	4.13571	4.009836
Niben261Chr06g0929002.1	1.257603	1.725723	2.275021	4.731209	9.997226	6.493352	13.061407	13.457356	23.258532	5.909699	3.787223	5.584846	2.874837	3.09962	2.727488	3.439712	5.271835	6.071101	2.080587	2.933903	2.543118	28.741539	30.971528	29.18298	1.98588	2.591248	3.3035	7.625423	14.164735	11.004389	12.490452	18.705706	14.411246	7.055597	2.539737	3.562497	1.373779	4.588407	1.455169	2.914294	3.009063	2.744838	2.521205	3.003924	2.421373	8.426051	12.802207	8.6518
Niben261Chr06g1148038.1	2.279295	2.259546	1.251724	3.017561	4.279918	2.560986	5.126061	5.060773	8.078583	4.473667	3.658485	5.175955	4.127887	3.673647	4.319609	3.996367	5.408381	4.086639	5.034274	6.970295	6.734741	18.854152	19.273607	14.649781	2.350607	2.983295	1.913128	5.733318	5.336337	4.500915	7.001073	7.872905	8.568498	4.523073	5.540478	4.056745	5.353946	4.655465	3.381506	5.135449	5.904614	5.27416	6.341528	7.35468	8.254996	12.199485	9.433881	12.441033
Niben261Chr07g0223004.1	10.242654	8.890117	7.891222	5.529365	10.03178	7.6385	11.845886	13.751123	26.226096	9.742929	7.199955	11.990773	8.757366	7.216761	7.481405	12.622006	18.559965	18.928741	3.70167	4.286157	5.47341	31.597218	30.975231	29.108392	14.451329	13.373511	16.123754	10.902902	15.248737	14.583741	18.335556	23.805954	21.725983	15.609199	6.438424	10.061672	6.883864	15.403704	5.574241	15.839075	21.097758	16.286034	6.034897	7.768484	6.07916	15.598019	18.945661	16.568234
Niben261Chr07g1296015.1	0	0	0.077698	0.304331	0.510696	0.117581	0.780071	0.520688	0.955723	0.224544	0.395551	0.239244	0.204678	0.243633	0.244237	0.231615	0.257406	0.17849	0.300467	0.385072	0.240282	2.222861	1.753132	1.648324	0.066682	0.024384	0.05425	0.319813	0.445413	0.405765	0.791951	0.554565	0.727176	0.584998	0.719186	0.261651	0.317132	0.272457	0.264483	0.115533	0.234063	0.460692	0.601216	0.434337	0.499688	1.774413	1.724426	1.701047
Niben261Chr07g1489022.1	0.376212	0.798755	0.296655	0.886301	1.07145	1.094434	1.168765	1.399392	1.134783	0.808776	0.784668	1.090834	0.575261	0.44548	0.606668	0.472181	0.348537	0.470779	0.743242	0.827687	0.763141	1.931929	2.618198	2.174715	0.620865	0.566557	0.549823	1.18553	1.398613	0.976363	1.270591	1.443836	1.514417	0.804096	0.286705	0.543523	0.666547	0.446332	0.407074	0.370195	0.5497	0.307844	1.314575	0.789568	0.775996	1.497284	1.449828	1.435318
Niben261Chr08g0005020.1	2.626872	1.992814	3.168412	4.175086	3.679057	2.952099	4.054245	3.996983	6.439033	2.311759	3.170916	4.21444	3.461907	2.902969	4.649183	3.810961	4.157848	4.395337	2.933557	4.125218	3.036871	9.427129	11.479214	11.109408	3.639279	4.423985	6.314732	4.079037	4.148565	4.186565	3.41945	4.592144	3.392089	5.451864	4.171898	2.670786	3.353186	4.869664	2.467022	4.681816	4.30136	4.686055	3.032603	4.305208	4.211832	5.736041	6.372776	4.896481
Niben261Chr08g0111016.1	0.556047	0.415364	0.25015	1.160645	1.378918	0.804052	1.38198	2.296815	4.374997	0.623124	0.354062	0.534936	0.752304	0.562864	0.748143	1.390121	1.624492	0.620988	1.359123	1.746326	1.582441	6.927469	6.448146	5.191311	0.882024	0.584905	0.994784	1.105254	5.023349	2.159225	0.986533	2.333733	1.36011	0.62483	0.712669	0.612341	1.119667	0.784929	0.824037	0.904935	0.84445	1.109728	1.360773	1.979714	2.236843	5.403857	4.510177	5.206666
Niben261Chr08g0220001.1	2.456602	1.922997	1.692914	2.462646	4.554735	2.986554	5.210135	4.423277	8.122697	3.992913	2.80768	2.641083	2.102307	2.4971	2.042173	2.106999	3.237921	2.891173	1.710617	2.81037	2.342544	13.814312	10.173852	9.731603	2.363156	2.124355	2.760783	4.593096	6.584722	4.933414	6.621999	5.583307	5.466165	4.134046	2.866577	2.096553	1.169126	4.198805	1.981799	2.768463	2.76331	2.387658	1.270667	2.163445	1.370723	2.997432	4.29842	2.96417
Niben261Chr08g0374014.1	0.168462	0.169875	0.189456	0.527262	0.728518	0.381287	0.516923	0.569045	0.939264	0.364966	0.277094	0.307057	0.233404	0.191833	0.210461	0.150405	0.171331	0.257437	0.234764	0.330657	0.313452	0.928508	1.01828	0.997816	0.106883	0.187621	0.289778	0.605278	1.038564	0.899353	0.819327	0.930751	0.713965	0.305778	0.232096	0.185507	0.203523	0.183752	0.129814	0.190699	0.177906	0.201732	0.332454	0.354752	0.358013	0.650098	0.645647	0.601204
Niben261Chr08g0678012.1	5.98625	8.730451	9.283479	10.487079	10.971346	13.663891	11.777845	15.180911	13.97289	16.093315	14.939536	13.526078	16.850704	12.773585	11.166213	11.101625	12.830855	13.88476	18.138964	17.666217	16.073104	29.80325	28.884094	36.111057	8.884064	10.337281	10.905457	21.252028	17.866059	15.705139	17.335676	22.456802	18.768374	16.904522	20.621405	14.369581	20.595637	15.080439	17.549856	10.139506	9.966094	14.837423	16.71661	14.492713	12.550208	16.098165	16.776429	18.984053
Niben261Chr08g0758018.1	1.617684	1.372739	1.925622	3.39258	5.924947	4.5517	5.682517	7.372589	11.17004	2.932294	4.168257	3.389359	2.395632	2.192009	2.102806	2.54175	1.849789	2.155158	0.628761	0.606111	0.500187	9.397932	10.798463	9.652174	1.719333	2.379892	3.558188	4.542527	8.263323	8.108319	7.906947	11.09273	9.071775	3.054344	2.212524	2.60435	1.779346	2.452526	1.39194	1.133487	1.803339	1.531763	0.894093	2.064225	1.868744	7.931936	9.078238	8.319428
Niben261Chr08g1326003.1	0.753532	0.602586	0.570276	0.871701	1.184971	1.267979	1.599759	2.158229	2.992735	1.033141	0.978387	1.429576	1.285178	0.947806	1.033688	1.286166	0.962123	1.083782	0.682016	0.791717	0.882968	4.872765	6.568071	4.274956	1.41669	0.962646	2.140987	1.806076	2.466349	2.586866	3.792093	4.224487	3.193575	1.593789	0.996983	1.49981	0.603337	1.035228	0.546503	2.32379	0.912799	1.182912	1.273634	1.298897	2.405456	4.645917	6.52266	5.26272
Niben261Chr09g0596011.1	1.824252	1.430643	1.365972	5.558474	3.716633	4.299464	7.918145	7.716459	10.225967	4.442837	4.153586	4.92396	3.230593	2.825023	2.529368	2.708343	2.143025	2.215716	1.982256	2.423953	1.887654	16.160266	15.960378	15.964082	2.277533	2.209219	1.530205	5.051782	5.493431	5.327254	8.088606	10.504526	7.356757	3.232274	3.486258	3.894961	2.270458	2.37142	2.373601	2.784129	2.785872	2.92484	2.838167	2.520735	2.258823	10.185053	11.24194	9.191717
Niben261Chr09g0640004.1	59.318606	44.790157	59.015837	65.249423	63.016645	64.272114	81.966868	88.940178	79.246256	48.823679	57.433219	59.276045	64.715805	48.374973	46.294283	43.223897	29.468109	43.896913	61.537441	58.098377	58.439206	109.950005	118.68977	94.337635	80.140377	41.304982	59.051825	39.398779	54.980103	61.983564	63.091357	89.650699	41.999228	39.866935	44.201005	47.444902	49.387296	23.863054	36.64776	23.604065	16.014369	21.701122	59.271559	63.394633	60.208464	61.226607	55.436393	61.164041
Niben261Chr09g1230004.1	0.147432	0.071581	0.086218	0.149968	0.695534	0.301247	2.520469	2.582995	3.65942	2.577127	2.847454	1.460363	1.554421	1.515634	1.105127	1.283383	0.499808	0.506924	0.182941	0.062701	0.279701	6.472589	3.688038	3.096077	0.076001	0.118588	0.263747	0.512811	1.542837	1.007703	3.344886	3.105319	3.358494	4.323715	3.008977	1.630872	1.543671	2.398007	2.044951	2.034002	1.89755	0.874052	0.075647	0.170538	0.218205	1.716644	1.537452	1.470962
Niben261Chr09g1230017.1	0.3786	0.512449	0	0.211838	1.013815	0.085155	3.350627	3.770116	3.941789	5.280543	3.57911	3.339919	1.760156	2.28582	2.555499	1.673258	0.857295	0.844488	0.16825	0.376948	0.472598	10.488294	4.966276	8.456109	0.500868	0.234448	0.173773	0.331038	1.270353	1.048648	3.067806	3.56725	4.416087	7.47131	4.851113	3.921731	3.087819	3.461145	3.232271	3.585196	2.743998	2.037089	0.523891	0.237472	1.476987	2.002436	3.628905	2.014239
Niben261Chr10g0018008.1	1.651249	1.609413	1.985647	2.58837	4.001591	2.895119	4.039626	5.15049	7.663047	6.615995	4.725424	4.794862	3.2617	3.717442	2.688221	3.01536	2.848681	2.795975	0.900635	1.269395	1.607807	11.094817	9.889979	10.138173	2.066739	2.251782	2.007091	4.460554	5.928055	4.524321	6.620007	7.830636	8.801466	5.772464	3.903353	4.664566	2.968277	5.287413	3.03429	3.619773	3.275773	3.100007	1.815193	1.970481	1.673644	5.68025	7.437138	6.640068
Niben261Chr10g0344009.1	0.606567	0.607282	0.270996	1.993959	2.077462	1.648598	3.724647	3.57901	4.165218	4.215239	4.702345	3.545589	3.47712	3.730855	2.867542	2.305611	3.86105	2.942426	3.866606	3.281533	3.00755	17.534786	17.816932	14.063696	1.063387	0.606386	0.757795	2.307412	2.198042	1.58952	4.946214	5.333094	5.409422	4.22843	3.932943	2.562179	4.33392	3.667257	3.535728	3.230016	3.801365	2.950101	1.739271	1.830046	3.352793	13.976791	12.470464	15.260546
Niben261Chr10g0424002.1	0.425047	0.633212	0.698319	2.066914	3.637586	2.064672	3.224988	3.207641	4.258974	1.97918	1.564545	1.7953	1.492769	1.542033	1.094366	2.248448	2.476117	1.975656	1.943838	3.030132	2.194483	7.740311	7.869383	8.907156	0.905198	0.790977	1.036685	3.056491	4.90127	3.720213	5.630846	4.65287	5.771251	2.342086	1.288833	1.55296	0.869307	1.736653	1.077612	1.804761	1.780331	1.268319	1.360352	0.997477	1.683804	3.555107	4.344436	3.581766
Niben261Chr10g1034012.1	1.538521	1.067122	1.799464	4.620446	4.14756	4.401115	3.757474	4.00061	5.673946	2.347976	1.061234	2.748637	3.08974	1.084551	2.379729	2.168346	0.968638	1.427458	1.909076	2.430225	2.189109	4.961783	5.780458	6.666949	2.152728	1.591102	0.688083	4.477729	2.748823	3.755665	3.188014	4.401953	4.773914	2.716603	1.739403	2.574293	1.265703	1.466629	1.947703	0.707526	0.660062	0.570257	3.947091	5.254186	2.168639	3.544138	3.310678	4.38577
Niben261Chr10g1260006.1	0.366878	0.178127	1.287309	33.959953	33.751361	28.036525	124.04457	137.94356	158.379872	58.43482	75.412001	70.390621	36.101101	36.658948	36.117611	9.151018	17.537577	15.138239	11.562652	8.8935	11.310397	311.221903	312.832734	248.255888	0.567379	0.147551	0.492244	43.204576	30.849729	36.167367	128.318835	120.794741	134.57938	16.695984	24.511961	21.007174	12.100556	5.966619	12.863093	2.193332	2.35959	1.495827	4.705435	1.980424	3.076213	110.103104	98.834837	115.303256
Niben261Chr11g0064003.1	0	0	0	0.622322	0.275009	0.237665	1.253389	1.151009	2.88227	0.219885	0.284134	0.271468	0.270279	0.26098	0.059612	0.66409	0.866625	0.808646	0.110002	0.127087	0.139265	3.496136	3.683993	3.27578	0.074907	0.120358	0.130322	0.674788	1.11031	1.013029	0.640419	2.022004	0.858563	0.889429	0.357654	0.405436	0.383076	0.344657	0.273507	0.858361	1.103862	1.176619	0.203036	0.310872	0.237476	1.048065	2.125612	1.434231
Niben261Chr11g0253004.1	1.739166	1.030472	1.567708	1.991648	3.42177	2.009432	4.385391	3.97204	6.482059	2.301911	1.315741	2.526271	1.797259	2.23198	1.8165	3.106199	4.46226	4.168406	3.190571	4.456308	3.208081	9.409076	8.508582	8.501773	2.23242	2.015484	1.078553	2.893009	3.361096	2.707434	3.388963	4.114474	4.210406	4.024665	0.98214	1.331836	1.731303	3.393649	1.197625	3.065937	3.464486	2.69554	1.829908	1.54425	1.160049	3.415558	5.248567	3.172879
Niben261Chr11g0348003.1	8.672045	6.60266	10.242274	13.633467	22.596455	19.207803	23.110443	33.015534	40.189963	20.548549	20.812282	30.415207	20.399774	13.645889	15.807514	18.074843	13.106475	32.614285	6.763291	8.242843	12.018862	46.672339	58.6455	78.691264	9.003703	10.363606	15.717815	14.949419	37.458453	35.650132	52.127025	68.898955	36.606822	33.071096	15.992194	21.676488	7.133522	20.465636	10.875212	14.770778	22.131318	17.824457	8.989312	18.00823	9.123132	30.566402	39.501986	36.944516
Niben261Chr11g0918006.1	0.739914	0.408095	0.224012	4.131805	6.369366	3.96203	17.997534	16.155322	29.035151	8.855333	7.91929	6.508103	5.722598	5.090657	7.552545	6.961059	2.865922	4.033695	5.666207	3.256379	5.622823	49.848642	31.656028	28.89604	1.701332	0.486099	0.794804	6.022537	9.183371	7.298584	41.258061	26.293789	31.653164	12.246588	10.008629	8.544438	6.363323	12.481378	7.418964	5.702079	6.600405	6.008357	6.708404	5.588755	5.832847	21.303405	16.573418	20.600939
Niben261Chr11g1073019.1	4.749192	6.114604	5.055974	10.090028	12.899142	9.62791	13.069618	13.605951	23.967621	9.179107	6.380187	11.01733	10.197407	6.90302	6.373492	7.388872	12.452552	13.789706	8.942344	10.396702	9.966993	32.715565	36.342298	36.08365	7.774348	6.202148	6.751261	11.550579	18.545398	16.317076	19.186541	23.978134	22.511549	17.163593	7.274755	11.054927	5.403946	15.178394	5.498517	11.671946	16.457752	12.434497	8.221904	9.99751	9.813495	14.613665	17.413874	15.852143
Niben261Chr12g0597005.1	0.409773	0.494959	0.278869	1.245104	0.987782	1.105626	1.857225	1.813849	2.636994	0.921981	1.133803	1.505282	1.536676	1.064487	1.25064	1.308956	1.279102	1.700359	0.921614	1.207735	1.040202	3.501889	3.241957	4.126143	0.733589	0.546367	0.426576	1.499513	1.887564	1.663387	3.278546	2.155168	2.663117	1.245283	1.040562	1.02501	1.077946	0.907624	0.891536	1.198456	1.241253	1.398539	0.864822	0.914779	0.724176	2.345668	1.553694	2.481824
Niben261Chr12g0816003.1	0.659862	1.098392	1.874297	1.218171	1.410878	1.425887	1.781037	1.999971	4.756226	1.816979	0.780257	1.725523	0.906298	0.542648	0.618649	0.605264	0.76695	1.649652	1.544031	1.282795	1.251806	5.611643	4.093373	4.903974	0.388728	0.811523	1.180405	2.526787	1.87655	2.141542	1.46334	2.542245	2.682626	0.851844	0.943842	1.104033	0.49347	1.8476	0.363177	0.509975	0.242635	0.62887	1.254574	1.383275	1.302091	0.928873	0.87377	1.307917
Niben261Chr12g1191012.1	8.893813	8.476677	11.877479	13.613643	14.044548	10.967457	12.366102	13.452407	14.964069	12.855535	14.656635	13.226595	13.072772	11.776746	13.003693	9.69181	10.472938	11.363986	10.446652	11.755168	9.069099	21.596481	23.496059	23.776135	10.152719	11.03371	14.045996	17.624941	16.504695	12.354789	13.526081	14.223293	14.554329	13.587079	11.471435	10.319006	12.729267	10.240433	11.562602	8.334067	10.697948	9.017192	10.492219	8.495348	8.913006	14.635001	15.748692	14.409264
Niben261Chr13g0465004.1	1.156825	0.466966	0.789067	2.606581	1.842707	2.375775	3.116182	2.386094	3.348249	2.183983	0.654378	2.543967	2.16638	2.929715	1.482937	3.590926	4.130662	3.724325	2.094026	1.675417	1.867143	5.611148	5.532214	5.615552	1.062868	0.547366	0.837526	1.303286	4.210086	2.958345	2.578543	3.884395	1.78595	1.790677	1.40578	1.092866	1.963085	1.561269	1.540423	1.982612	2.650987	1.874071	0.770303	1.830187	2.405558	2.098625	2.822858	2.992611
Niben261Chr13g1063007.1	81.088898	49.331518	94.322107	90.323877	98.171939	77.401208	114.594501	122.816648	143.17842	135.368099	106.520879	129.713091	134.956182	128.861863	121.010599	117.27454	91.114013	126.447144	146.169762	150.71979	118.58848	199.795906	194.061484	168.125959	98.065128	66.268776	123.822288	132.066053	122.546048	97.412594	134.831813	185.070453	134.966453	121.542829	97.405614	106.467637	121.483195	126.209424	78.580436	94.456036	107.547136	99.054438	103.629131	113.357021	98.126055	96.96798	135.425098	120.972221
Niben261Chr14g0240011.1	0.304512	0.443541	0.445198	1.652003	3.262246	1.991064	3.506742	4.624728	7.256409	2.439796	1.050224	2.580534	1.906274	1.502619	1.490015	2.96001	3.303442	2.821142	1.322489	1.877759	1.263732	8.705115	8.643513	8.348728	0.784882	0.520491	0.476661	2.837095	3.303225	2.981937	3.284371	5.546749	4.395982	5.517366	1.965971	1.783309	1.036218	3.428963	1.114595	3.325882	3.004783	3.160305	0.585921	0.616413	0.788706	2.455157	4.234025	2.8483
Niben261Chr14g0660012.1	0.971148	1.215456	0.75724	1.200062	1.595059	1.217063	1.106839	1.698947	2.399923	0.838356	0.803849	1.377853	0.891184	0.67445	0.6291	0.876688	1.477872	1.48407	1.317522	1.908991	1.821946	5.083802	5.288216	4.213119	1.223759	1.579663	1.10031	1.930252	2.401622	2.348775	1.685553	1.967383	2.05793	0.969976	0.844971	0.842567	0.881254	1.350079	0.48227	1.032156	1.870275	1.455832	1.085182	2.046993	1.852567	1.952661	2.525587	2.54077
Niben261Chr14g1009018.1	0.556606	0.465409	0.4656	1.139596	0.311021	0.591683	0.212701	0.549267	1.027958	0	0	0.222117	0.797438	0.216995	0.462419	0.292631	0.258091	0.304753	0.191677	0.345966	0.411654	2.469316	1.646451	2.025639	0	0.878145	0.470547	0.364033	1.281979	0.947363	0.289464	0.46571	0.674849	0.46237	0.435933	0	0.188518	0.556039	0.521334	0.362983	0.40346	0.59751	0.625436	0.742166	0.638785	0.932449	0.727292	0.877496
Niben261Chr14g1122012.1	0.859679	0.934716	1.371744	1.456515	2.083442	1.048869	1.415801	1.258003	1.26517	1.038598	0.737655	0.488053	0.651701	0.439748	1.065182	0.863436	1.522778	2.444287	0.741931	0.454788	0.502775	2.83192	3.28848	3.073072	1.981315	1.107934	1.814438	1.685677	2.342508	2.75776	1.02693	1.620016	1.108742	1.081525	0.534574	1.113379	0.895765	1.424617	0.649975	2.172759	1.651792	1.652619	0.548719	1.397142	1.263305	0.76512	2.491032	1.695682
Niben261Chr14g1302005.1	1.310942	1.40698	1.452587	5.486049	5.438642	4.412712	5.619299	4.874415	8.7518	3.333639	3.474246	3.371978	2.697656	2.298151	2.600323	2.022068	2.116855	1.831993	3.176316	4.254668	2.683407	9.244155	9.471456	8.787562	1.564995	1.609452	2.514925	4.559846	5.75868	6.012868	4.0545	4.705536	4.861463	5.833975	4.512019	2.985601	2.43819	2.762462	2.060256	2.68118	3.685365	3.286246	4.230596	6.597662	6.144111	5.748382	9.113874	6.522584
Niben261Chr15g0241001.1	5.091176	6.672284	2.148226	6.010982	8.23498	6.207534	10.325035	8.659532	13.036313	15.470227	11.067926	9.664477	9.673595	10.083452	8.006485	6.387666	7.522796	7.456467	7.01175	8.13512	7.311608	22.386778	18.031991	18.191239	5.724011	7.167299	4.787653	13.837085	9.317961	9.436142	18.189189	13.963528	17.097703	15.831186	11.9045	12.263151	12.244419	11.904064	11.687306	8.874109	10.200698	8.650246	5.756579	5.919159	5.768062	13.852794	14.316877	12.766187
Niben261Chr15g0265004.1	3.142387	4.861309	3.628816	10.377748	12.050163	9.783867	10.144439	12.180573	15.901315	9.953175	11.458958	12.94954	9.08364	9.72565	9.329661	7.033128	10.500396	10.414166	7.033547	9.807237	6.959911	21.314153	23.158672	23.67635	3.868759	4.5428	5.113861	10.376521	13.672317	12.715194	12.221792	14.935932	15.373691	9.660183	8.948494	10.008558	7.092641	8.529081	6.642164	7.750567	10.12061	8.333508	7.878857	7.760999	8.342935	18.115273	13.916179	16.628792
Niben261Chr15g0515011.1	17.896492	7.8819	9.670273	15.911782	34.567323	20.645236	31.567227	30.110466	58.395729	20.88715	18.326834	17.722409	23.917371	13.73074	26.554003	17.632382	14.267411	16.204178	19.029803	27.105498	24.529683	96.362413	79.391447	82.461616	17.208542	13.670012	16.949717	31.090614	59.967556	37.079677	59.999404	54.11603	65.22574	67.091771	42.702479	42.853555	26.595922	77.884846	41.832166	51.30238	42.582755	38.085789	45.958092	34.321461	44.352902	65.747421	68.15444	66.614704
Niben261Chr15g1013011.1	2.29544	1.764602	2.386454	6.269723	8.222114	6.227629	8.266358	7.979158	12.155456	3.746403	3.034732	4.847344	3.501387	3.513434	3.63775	3.330277	3.026246	3.702681	3.702791	4.555547	4.233838	13.831216	13.374707	14.481165	3.254085	2.564388	3.450535	8.332741	10.480805	9.504182	9.912656	10.524549	10.370203	5.731675	4.143138	5.476683	3.171181	5.743972	2.57954	3.401424	2.927039	2.765135	4.482165	6.023348	4.372504	7.825585	9.01346	7.824906
Niben261Chr15g1082016.1	25.869999	21.39429	24.484394	21.774518	28.149861	24.562173	23.149103	26.858035	35.862269	27.233253	21.655648	27.550004	21.318828	24.066435	17.718295	22.356229	25.221204	32.114646	20.651179	30.073465	26.015563	47.994417	47.721101	44.648061	25.468272	27.041535	24.576423	33.928824	32.459181	27.130397	27.003581	29.514198	32.44809	26.44499	23.165733	25.493322	21.12203	27.102564	18.073168	22.082845	28.710702	17.570157	25.515617	24.642173	23.485068	29.507249	32.352771	30.720594
Niben261Chr15g1095002.1	0.317115	0.862212	0.741349	1.333294	1.545679	1.399595	1.084271	1.471804	1.637296	1.478271	1.749907	1.669804	1.393105	1.877603	1.320584	1.693088	1.247062	1.211566	1.636931	1.510438	1.804851	2.739079	1.830766	2.071828	1.307788	0.765224	1.191336	1.638775	1.424542	1.867383	1.415301	2.058672	1.887241	1.282767	1.3737	2.063466	1.859384	1.322323	1.172946	1.516666	0.8163	1.457491	0.846105	1.222716	1.001265	0.909076	1.469757	1.771804
Niben261Chr15g1382001.1	0.340672	1.654038	0.796905	2.079201	3.482223	2.784379	2.588482	2.945449	3.04429	2.646809	4.699751	4.036156	2.993185	6.163867	2.837369	3.558639	2.771794	3.123615	2.705434	4.056606	4.847313	6.35324	6.992944	9.538865	0.702469	2.192185	1.523613	2.36992	1.912956	2.507629	5.574937	2.823322	6.49718	3.82794	2.554176	1.773402	2.140189	4.262392	2.887681	5.01333	2.046192	4.798302	3.495995	2.101674	2.352973	7.019362	2.763143	4.078766
Niben261Chr15g1458008.1	6.349213	5.742773	5.231176	10.214367	19.657852	14.550913	38.824467	42.326358	64.286309	30.077688	25.347571	25.991106	15.900108	16.268943	18.956777	14.099406	10.506889	12.481853	3.72795	4.572297	3.880202	72.261125	75.860674	87.303922	4.83844	6.393796	5.629617	17.742699	36.618713	32.509415	65.987285	64.02618	75.253997	60.252725	34.801387	35.680126	18.955099	45.096107	22.942097	21.732739	20.393615	17.500654	6.228178	7.542792	7.087396	43.196821	50.910101	46.528279
Niben261Chr15g1475012.1	0.320453	0.363036	0.437272	0.760589	0.629914	0.960346	2.434854	2.503266	3.659014	1.348598	1.326246	1.265536	1.220067	0.790642	1.334485	0.371937	0.362123	0.489704	0.291599	0.545121	0.151987	7.391542	8.668131	8.599528	0.330389	0.34368	0.573274	0.69001	1.853949	1.291815	2.780942	4.42626	4.187557	2.94059	2.358071	2.01566	1.174348	1.42557	0.987744	0.392982	0.091655	0.554292	0.71251	1.029656	0.895976	4.736762	5.445794	5.062299
Niben261Chr16g0166003.1	31.621224	19.179865	29.276851	28.956928	39.119298	26.593832	37.015951	50.545509	65.182595	46.845704	40.792631	49.009845	38.600024	40.497021	34.182153	32.943456	32.852383	36.031375	35.104248	43.111905	31.489317	92.782142	90.041505	77.401046	35.048241	25.378897	29.366636	37.739381	63.119074	50.056503	75.639213	97.760703	73.448813	84.350866	52.489398	81.618081	43.632156	79.436599	44.807505	41.562344	47.658055	44.868043	37.746519	49.177156	53.733254	74.241666	58.745132	70.279116
Niben261Chr16g0313022.1	5.228689	8.554772	5.352273	11.502234	14.684125	9.020408	12.658299	7.054691	13.342233	11.927387	10.700882	9.924648	6.911298	5.700128	6.162095	4.022089	1.275542	2.649641	6.061652	4.192135	4.122555	24.262495	25.651913	19.069402	4.902178	7.498994	3.938238	17.330805	8.977208	9.540223	6.194207	6.714814	9.329098	15.43402	12.780927	10.924843	9.897169	3.665484	11.222212	1.341785	1.403805	2.268744	8.493561	6.515477	9.434532	9.103517	10.792154	9.119653
Niben261Chr16g0375022.1	12.983131	10.5921	13.442166	24.893156	30.39161	21.068013	19.560201	28.027806	35.796418	24.269028	27.161074	29.469336	36.80668	27.078067	29.852811	24.449064	33.701608	31.653	35.896845	44.325747	33.853155	68.056661	80.038546	78.671211	16.674236	14.563488	15.777896	36.943491	34.713164	29.18534	50.842982	43.171464	50.267983	31.974276	29.833561	26.139187	29.471838	32.019134	26.137742	26.877968	29.983417	27.909509	40.620859	34.927269	37.238418	48.164357	53.393606	56.09051
Niben261Chr16g0845015.1	15.456051	10.743346	17.059727	13.26321	11.468551	8.331366	13.853213	10.44625	21.682378	8.853358	14.405493	10.445925	16.419611	9.133097	13.735725	8.801267	11.490945	11.651363	6.499152	4.934187	4.873985	26.802777	29.398009	17.85487	19.053944	10.665714	18.421021	16.554438	9.159103	7.167766	17.291509	17.284977	19.493423	12.385099	17.225095	16.555347	19.480495	7.50023	17.657712	3.353835	2.951067	4.361894	11.311108	8.308096	7.890945	16.890165	16.900542	16.206392
Niben261Chr16g0941001.1	0.104582	0.048961	0.479807	0.689739	1.038846	0.511259	1.046037	0.755433	0.77455	1.146547	1.164279	0.953715	1.143187	1.12758	0.727396	0.47913	0.388892	0.6854	0.96673	0.989772	1.180156	1.783544	1.850984	1.551692	0.267551	0.264964	0.447208	0.794353	1.140089	0.860111	0.920999	1.174105	1.136138	0.808172	0.553791	1.442373	1.193486	0.485411	0.688366	0.324004	0.507904	0.584791	0.579921	0.879852	0.994975	1.267977	0.838701	1.22762
Niben261Chr17g0461002.1	0.344777	0.390592	0.739298	0.857288	1.310271	0.610551	0.436611	0.784457	1.198154	0.502256	0.396365	0.453865	0.858287	0.614361	0.957185	1.13381	0.701297	1.009843	0.655986	1.270744	0.708603	3.158491	2.543367	3.262624	1.007155	0.277325	0.616788	0.742385	1.64267	1.268921	1.025837	1.230243	1.278562	0.710244	0.670172	0.523474	0.481328	0.862749	0.398519	1.215582	0.788893	0.766755	1.120403	1.329372	0.566982	1.081033	0.932145	1.031977
Niben261Chr17g0789023.1	3.185814	2.736792	3.399776	3.282033	3.924748	2.895243	3.124207	3.332531	5.21861	4.347653	4.265013	4.889754	3.897543	3.912115	3.950418	3.998777	4.465012	4.366554	3.710727	3.812086	3.810246	7.616176	6.008356	5.931668	2.943058	3.663878	3.48093	3.001894	4.824646	4.57591	4.715045	4.515998	4.457015	4.237866	3.460552	3.442009	4.095511	3.548899	3.466069	4.678373	5.219114	4.026352	4.076743	3.481887	3.5885	4.375932	5.373348	5.651773
Niben261Chr17g0801005.1	3.317729	2.681314	2.855491	6.469548	9.970821	7.447722	14.62548	15.079614	21.84349	7.749174	10.029191	11.484622	9.512721	8.012558	7.536477	6.498648	6.972504	6.093833	6.410646	6.82865	5.300268	20.317955	24.210772	18.450844	2.996469	2.835706	3.707202	5.303215	10.277989	11.606946	16.773627	17.957308	18.87581	8.089173	9.341216	9.560225	10.217038	7.050544	7.687524	5.165976	6.176835	6.373878	4.915759	4.893523	6.751074	11.489789	12.472978	12.6488
Niben261Chr17g1500002.1	3.39247	4.844464	5.134871	7.679801	7.413873	6.809496	9.239743	11.373806	15.603581	10.465417	12.801414	11.394494	10.607648	8.041865	12.133017	7.23805	8.050574	8.00508	7.428623	8.486624	7.429842	15.816644	19.713373	24.795063	4.680679	4.775341	5.265708	8.329427	10.517984	9.626567	20.558774	19.535852	22.570981	16.705195	15.792908	14.997861	10.29052	11.610113	10.41828	7.61701	9.07516	9.948474	8.396239	8.848577	8.023738	14.078309	12.659587	14.783394
Niben261Chr18g0751008.1	0.747724	1.037247	1.43675	8.438912	13.228187	9.123285	26.58049	31.133193	52.287403	9.232711	13.188775	15.186432	7.367325	4.656	5.515871	4.401253	5.250786	5.468366	4.480022	3.906698	4.660947	52.265294	48.375041	45.320589	1.817138	1.847278	0.716593	18.099503	19.657313	19.20737	57.525772	51.086423	50.590214	7.081475	8.27557	8.68828	6.990167	4.454908	3.662884	4.715786	4.903528	4.355152	4.001016	5.477769	5.744101	38.420403	30.818478	42.150296
Niben261Chr18g1376008.1	0.70796	0.68746	1.69965	2.552075	3.486408	2.893144	2.618816	3.696345	5.549488	1.809342	1.696316	2.305374	2.127968	1.685432	1.768922	1.686647	2.652694	1.992931	1.627487	1.489535	1.661215	6.839138	7.481221	6.143957	0.883575	0.989052	1.899755	4.18439	5.173677	4.270805	3.298241	4.529079	4.461172	1.716592	1.955541	1.697201	1.443513	1.958036	1.091084	1.507916	2.142107	1.68493	2.485434	2.902117	2.316208	3.204491	4.10154	3.234334
Niben261Chr19g0145008.1	0.955895	0.886903	0.521711	1.042015	2.094371	1.633425	3.087519	2.871297	4.790675	2.086697	1.442958	2.137487	1.068581	1.033935	1.066788	1.190332	1.777586	2.131815	1.012857	0.960705	0.866942	6.245596	5.209942	5.429053	1.102226	1.265328	0.724893	2.154396	2.775619	2.746464	4.194303	4.068161	5.252123	2.374168	1.265234	1.550587	0.913573	2.222469	1.054452	1.685191	1.867871	1.768309	1.112356	0.95387	1.134432	3.356522	4.046722	3.789978
Niben261Chr19g0943020.1	1.214579	2.395179	1.234641	1.680495	5.726732	4.342614	13.125567	12.502407	21.469352	6.361039	3.914047	5.713285	4.204835	3.353861	3.529553	3.495822	4.202	4.588583	1.314809	2.111509	3.179368	41.760556	36.951663	32.115636	1.603621	2.240701	2.048031	10.266442	11.025226	11.268793	20.041221	24.235339	22.164072	8.153629	4.46201	6.225231	4.080206	5.308085	3.415734	5.370071	5.165649	4.728492	3.438775	3.124363	3.48818	17.139059	23.824857	16.967384
Niben261Chr19g1098010.1	0.037195	0.083581	0.217394	0.779539	0.866575	0.698932	1.019886	1.410197	1.596002	0.361139	0.410267	0.525573	0.228893	0.139404	0.123455	0.302122	0.549254	0.466029	0.092212	0.062945	0.070336	2.050528	2.291229	2.174834	0.076653	0.179275	0.146434	1.430703	1.411349	1.356693	1.345437	1.682273	1.205055	0.420012	0.123738	0.254837	0.038939	0.380458	0.114278	0.289681	0.244661	0.292416	0.190531	0.268332	0.155904	1.175376	2.00844	1.314467
Niben261Chr19g1134014.1	1.257518	1.413367	2.422347	2.634638	4.043578	2.785665	3.920109	4.383417	6.034424	2.995839	2.899768	2.975113	2.028603	1.927057	2.136839	2.61782	3.432636	3.101595	1.214401	1.947031	1.547196	7.85223	7.493969	7.845017	2.169097	2.908083	2.750857	4.017587	5.920115	5.017524	4.734523	5.745294	5.200916	2.551745	2.291802	1.550308	1.290255	2.342931	1.404006	3.196635	2.878475	1.89743	1.932687	2.660884	2.704075	5.976693	6.783976	5.835065
Niben261Chr19g1280002.1	1.823823	1.283013	1.978198	4.925507	5.063622	3.893199	6.788726	6.455089	8.987282	5.078862	4.99906	6.02316	5.629697	4.366447	5.186456	4.139874	4.837566	4.529875	5.796479	5.449467	5.148653	13.709354	14.430838	15.512043	1.8054	1.928688	2.199891	6.018753	8.340235	7.917559	8.384626	8.766178	8.913574	5.61502	4.824726	4.305282	4.044957	4.685828	4.566078	5.832481	5.133272	5.224675	4.311172	5.782121	7.053222	5.490922	7.375849	5.868181
