Description	pcrtB22h_vs_GFP22h_filtered	pcrtB25h_vs_GFP25h_filtered	pcrtBAA_vs_GFPAA_filtered	pcrtBBB_vs_GFPBB_filtered	pcrtBYY_vs_GFPYY_filtered	pcrtB28h_vs_GFP28h_filtered	pcrtB34h_vs_GFP34h_filtered	pcrtB37h_vs_GFP37h_filtered	pcrtBZZ_vs_GFPZZ_filtered	pcrtBCC_vs_GFPCC_filtered	pcrtB40h_vs_GFP40h_filtered	pcrtBDD_vs_GFPDD_filtered	pcrtB46h_vs_GFP46h_filtered	pcrtB56h_vs_GFP56h_filtered	pcrtBEE_vs_GFPEE_filtered	pcrtB96h_vs_GFP96h_filtered
Niben261Chr01g0027018.1	Cytokinin riboside 5'-monophosphate phosphoribohydrolase"	NA	NA	NA	NA	NA	NA	NA	NA	NA	-2.15565211572559	-3.15329409612028	-3.29153178646136	-3.81205926424935	-1.89599519558632	-2.53158876845954	NA
Niben261Chr01g0234004.1	chorion class high-cysteine HCA protein 12-like"	NA	NA	NA	NA	NA	NA	-0.914146741643021	-1.03080648116435	-0.878208540059165	-1.01190712342939	-1.16524092546007	-0.924961323601729	-0.799785533106409	NA	NA	NA
Niben261Chr01g0554008.1	protein RETICULATA-RELATED 1. chloroplastic-like"	NA	NA	NA	NA	NA	NA	-0.60090110367351	NA	NA	NA	NA	NA	-0.668982790803004	-0.811462943391832	-0.789040911933112	NA
Niben261Chr01g0602008.1	activator of 90 kDa heat shock protein ATPase homolog"	NA	NA	NA	-2.27968559808031	NA	-2.99180443326021	-2.68162730686337	NA	-1.55898717212149	-1.78757123207637	-2.22023305710974	-1.79512779067544	-1.70983450699885	-1.62995752161832	-1.76510059234097	NA
Niben261Chr01g0733005.1	Glycosyltransferase"	-1.54255516031131	-1.32184912134179	-1.50000710296063	-1.27527098892268	-1.29599754463744	-1.47005995636282	-2.10673472880321	-2.10262185935771	-2.10466735955773	-2.50100936491115	-3.40440892365008	-3.62803885796486	-3.73209448115034	-3.4503644084614	-3.42857036861852	NA
Niben261Chr01g1080014.1	periodic tryptophan protein 2 homolog"	-1.62681519592722	-1.85048571019825	-1.68621218005833	-1.89753933610647	-1.847703958809	-1.9309287987299	-1.71549707639136	-1.84804972295038	-1.54691355160683	-1.71458719756137	-2.85529572384953	-2.5025505435251	-1.99981605971203	-0.819477359523111	-1.2627972381671	NA
Niben261Chr01g1134008.1	Heat shock 22 kDa protein. mitochondrial"	-4.0603635271998	-4.07005105131353	-3.92100155254645	-4.45710936300717	-4.21361617801501	-4.3766749297314	-3.28550610435541	-2.83228689638055	-2.64861681483668	-2.94868804277509	-4.68169248793539	-3.5945055839943	-2.57586003975273	-2.05479339647421	-2.13907359304351	1.60823248282112
Niben261Chr01g1364017.1	AT-hook motif nuclear-localized protein"	-2.34923541269913	-1.7351129717046	-2.048058252818	-2.1647364590733	-1.97145447927297	-2.56179107795028	-3.55362285632403	-2.95409995618834	-2.8331379610861	-2.98851983651143	-3.8437258332411	-4.05167557880529	-4.2075268636577	-3.72118065553915	-3.75661773720843	1.56727529412915
Niben261Chr01g1745006.1	beta-fructofuranosidase. insoluble isoenzyme 1-like"	NA	NA	NA	NA	NA	NA	NA	NA	-3.9710919156399	-4.22550961768292	-5.09577875251523	-4.87229743134694	NA	NA	NA	NA
Niben261Chr02g0314006.1	Rubisco large subunit-binding protein subunit alpha. chloroplastic"	NA	NA	NA	-0.911545809950371	-0.76579853195197	-1.06082704581013	-1.53233583863773	-1.34534707786331	-1.49989296604786	-1.67909061426552	-2.28127438559071	-1.98875420945438	-1.39675758057097	-1.17809575339098	-1.16238257272297	1.79061398390214
Niben261Chr02g0408003.1	ubiquitin domain-containing protein DSK2-like"	NA	NA	NA	NA	-1.18089494044258	NA	-2.40372735738182	-2.3874603050484	-2.25284212211423	-2.41811211429604	-3.16303947501643	-3.23125665620848	-3.37483516642423	-3.59607177705283	-3.71996053846412	NA
Niben261Chr02g0744003.1	Nucleoredoxin"	-1.90028691132896	-1.5933078988275	-1.75005805746856	-1.47514225871856	-1.52066222177782	-1.70598016421208	-1.08350954992351	-1.32360522154289	-1.03516477855203	-1.32220071706328	-2.0339927879583	-1.44898931216418	-1.1734641955123	NA	-0.612859381956776	NA
Niben261Chr02g0789009.1	non-functional NADPH-dependent codeinone reductase 2-like"	-2.20269249425734	-1.93035580982526	-1.96771901026505	-2.90105989799582	-2.48330894767207	-3.24498741190966	-3.9059714205613	-3.21535884882026	-3.12410254546174	-3.47231793243541	-5.08815775391363	-4.91796748521841	-4.45137809687764	-4.05092568498582	-4.0300526535059	NA
Niben261Chr02g0809005.1	dnaJ homolog subfamily B member 1-like"	NA	NA	NA	-1.14155461667556	-0.915975187271097	-1.45956028810045	-1.00214530924645	-0.934182537172022	-1.26891947272265	-1.29355362293975	-1.48795723164235	-1.47686737287468	-1.17260928819851	-2.35975897506899	-2.05699974636814	NA
Niben261Chr02g0919011.1	MADS-box protein CMB1-like"	-5.73348240899872	-5.15393684687672	-5.56494315158864	-5.24476120054832	-5.277178822207	-5.53937723090614	-8.4938689533726	-7.08676281560459	-7.05550983807542	-7.39473825502716	-12.0640883279371	-11.184225927052	-8.80718214646869	-7.47111279541676	-7.47443326004861	NA
Niben261Chr02g0948003.1	Heat shock protein 90"	NA	-0.620073326856662	NA	-1.02318172152621	-0.867834721607899	-1.12745025421604	-1.285962630876	-1.03026312428745	-1.20941766679448	-1.25060793975472	-1.65896000879522	-1.34103645098879	-0.782561545421437	-1.11854450155588	-0.881274040382646	1.62554268174725
Niben261Chr02g1131001.1	Protein-serine/threonine phosphatase"	NA	NA	NA	NA	NA	NA	NA	NA	NA	NA	-2.75641840726004	-1.76803377613685	NA	-2.91918422312158	-2.49985731096232	NA
Niben261Chr02g1347012.1	Mechanosensitive ion channel protein"	NA	NA	NA	NA	NA	NA	-1.50750574818874	NA	-1.50869950997718	-1.84900809249118	-2.36278456034486	-2.16272243193626	-1.72940186954442	-2.16776865892751	-2.13146660227928	NA
Niben261Chr03g0008020.1	Nucleotide-sugar transporter"	NA	NA	NA	NA	NA	NA	NA	-2.29650270986272	-1.87694978791045	-1.89544841523926	-2.08761636977948	-1.72726161643313	NA	NA	NA	NA
Niben261Chr03g0035008.1	F-box protein At3g07870"	NA	NA	NA	NA	NA	NA	-3.80167280348074	-5.17265170225606	-3.82544977256987	-4.0203039579348	-7.38881124477368	-6.99833239884609	-6.64257110155332	-6.53367081825159	-6.69716786639822	3.78214700090137
Niben261Chr03g0121001.1	FAM10 family protein At4g22670-like"	-0.82261852687777	-1.24520059430047	-0.98066834347932	-1.49108958273114	-1.39506451979976	-1.61343862892883	-1.83192436701918	-1.72786249482045	-1.76533333027973	-1.72392480682643	-1.85108313372898	-1.63923506485789	-1.37371317680481	-1.41402823725561	-1.38630157082062	0.958069676055642
Niben261Chr03g0155006.1	Microsomal prostaglandin E synthase 2"	NA	NA	NA	NA	NA	NA	NA	NA	NA	NA	NA	NA	0.71275866855075	NA	NA	NA
Niben261Chr03g0183006.1	large proline-rich protein BAG6"	NA	-0.964418292827561	-0.710124682214375	-1.26344055931268	-1.1501047880147	-1.52915033562923	-1.4388314944957	-1.16481068518453	-1.17210894884268	-1.29837405333304	-1.72795527527918	-1.70933826271971	-1.69564265573725	-1.5923412071813	-1.59923614392647	NA
Niben261Chr03g0287036.1	Serine/threonine-protein kinase"	NA	NA	NA	NA	-1.17009028753288	NA	-1.64145057669795	-1.4155198579332	-1.35913583705133	-1.72384603784853	-1.87793956572742	-1.81624674535137	-2.54847419515573	-1.8173254831208	-1.94200193274193	NA
Niben261Chr03g0825007.1	Calcium-transporting ATPase"	NA	NA	NA	NA	NA	NA	-1.68220432325114	-1.40491944417022	-1.50373748807666	NA	NA	NA	-2.36703396756331	NA	-1.33721041248314	NA
Niben261Chr03g1204001.1	Rubisco large subunit-binding protein subunit alpha. chloroplastic"	NA	NA	NA	-0.929554184520519	-0.789955432651371	-1.07076517583351	-1.38226067941652	-1.32236599741644	-1.52448054142414	-1.73610771352491	-2.27210838703374	-1.8421489037817	-1.14637188315913	-1.18091542556699	-1.09928019295019	1.60813451321212
Niben261Chr03g1329003.1	Splicing factor u2af small subunit b"	NA	NA	NA	-0.965544462081144	-0.88747161395452	-1.3778187570853	-2.17347284238339	-1.41669768085325	-1.53691359315388	-1.60121252864823	-1.88325939637398	-2.04600415353581	-2.44013357769382	-2.20313461864378	-2.24602108654693	NA
Niben261Chr03g1481017.1	Mechanosensitive ion channel protein"	NA	NA	NA	NA	-0.952176275216034	-1.56982777555473	-2.37695298206674	-1.34809346119694	-1.95712511912634	-1.34602767058969	-1.2045636985871	NA	-1.17690587251789	NA	NA	NA
Niben261Chr03g1491010.1	17.3 kDa class ii heat shock protein"	-5.07903298667776	-4.00796855162602	-4.45735301627785	-3.21416555076643	-3.39194800441811	-3.22916389871539	-3.15861705506404	-3.57545262366184	-3.00319407639153	-3.38045684413826	-5.83070107335478	-4.40684760717525	-2.38725377574783	-3.42927727254832	-2.43270242368651	2.75437557070506
Niben261Chr03g1837004.1	transcription factor RF2b-like"	NA	NA	NA	NA	NA	NA	NA	NA	NA	NA	NA	-0.979735665863536	-0.954603257766453	-1.24069355767482	NA	NA
Niben261Chr04g0081016.1	desumoylating isopeptidase 1"	-1.31900396660455	-1.22385585842622	-1.17023020414827	-1.28905857155466	-1.17739491978965	-1.31198875707125	NA	NA	NA	NA	-1.10134957649287	-1.26533360693686	-1.23622315341419	NA	NA	NA
Niben261Chr04g0210001.1	Chaperonin-60 beta subunit"	NA	NA	NA	NA	-0.690388137569822	-0.801552596215628	-1.30078533413603	-1.24830662188283	-1.26519980315686	-1.38627719869616	-1.86705509538114	-1.61261468120543	-1.18829345854846	-0.948887988434623	-1.00399503733178	1.76376582455757
Niben261Chr04g0264008.1	photosystem I subunit O-like"	NA	NA	NA	NA	NA	NA	NA	NA	NA	NA	NA	NA	NA	NA	NA	NA
Niben261Chr04g0551001.1	Amino acid transporter family protein"	NA	-1.01687289540675	NA	-0.990198017543513	-1.06173269994985	-1.16584652688899	-1.32735702423186	-1.16705973262387	-1.0684145938167	-1.33752420114197	-2.36448213258447	-2.25183232877053	-2.15148885925678	-1.28132854548612	-1.55309770318663	NA
Niben261Chr04g0615001.1	Xyloglucan-specific endoglucanase inhibitor protein 2"	-3.40373372026046	-7.41471901922156	-4.85141764771922	-7.87379831681969	-7.70362252508694	-8.23286603560672	-6.5905002393533	-5.52082009037966	-5.38300634578111	-5.85001777516796	-9.77447269729318	-8.33183718205849	-7.65839052768987	-8.1035231778391	-8.28903218957863	NA
Niben261Chr04g1538002.1	origin of replication complex subunit 3-like isoform X2"	NA	NA	NA	NA	NA	NA	-2.42088437264989	-2.05448325472014	-2.30241106657559	-1.83265335746361	-1.52812527890099	-1.32046562704469	-1.09742693325273	-1.94186800121312	-1.87771961615069	NA
Niben261Chr04g1539003.1	Sucrose transport protein"	NA	-3.03513947550006	-3.70260161465428	-2.63909776680875	-2.89052651448857	-3.02399598464094	-4.81232541915171	-4.19745439336544	-4.0398361952962	-4.14055531398509	-5.50758785860551	-4.98788873915006	-3.54299819337065	NA	NA	NA
Niben261Chr04g1664002.1	Alpha-galactosidase"	-1.00840896870138	-1.58786629631974	-1.25415014132761	-1.97488479832023	-1.84385683390294	-2.17543869374927	-1.81700059527689	-1.60907661094064	-1.68793759338596	-1.81189289358512	-2.18782057349714	-1.88733114006826	-1.71293878997457	-1.7299129203422	-1.76226537364087	1.31425402819073
Niben261Chr04g1681006.1	Chaperone clpb"	NA	NA	NA	NA	NA	NA	-6.4779941163684	-7.50677715358735	-7.0716410514805	-7.51317432387323	-7.76295060509482	-7.53240602626984	-6.07484207940709	-5.79726492637749	-5.57107334233943	NA
Niben261Chr04g1726010.1	Transmembrane 9 superfamily member"	NA	NA	NA	NA	NA	NA	-0.793301849372196	-0.756760806276432	-0.746406386058335	-0.792784528943904	-1.06330561704941	-1.16118033332694	-1.16200401431728	-0.924979302974796	-0.953493499637873	NA
Niben261Chr04g1808011.1	transcription factor MYB1R1-like"	NA	NA	NA	NA	NA	NA	-2.12828047379269	-2.07538606593031	-2.06529670113521	-2.26258728048168	-2.53511648454341	-2.4078848409663	-2.56100090919287	-2.55202532386909	-2.55876067349743	3.08615077962659
Niben261Chr05g0003002.1	Myb family transcription factor efm"	NA	NA	NA	NA	NA	NA	NA	NA	NA	NA	NA	0.975570142766271	1.3828483731138	0.961163198849043	1.05018625981047	NA
Niben261Chr05g0168014.1	CS domain-containing protein"	NA	NA	NA	NA	-2.49033145479233	-3.35561593074285	-7.65121053865418	-5.46216534610723	-5.48395473539918	-5.32670441675329	-7.22683728676789	-7.00609770260832	-6.79439637820071	-5.27166522930067	-5.8955781192605	NA
Niben261Chr05g0501015.1	Katanin p80 WD40 repeat-containing subunit B1 homolog"	NA	NA	NA	NA	NA	NA	NA	NA	NA	NA	NA	NA	NA	NA	NA	NA
Niben261Chr05g0648005.1	ubiquitin-conjugating enzyme E2 7-like"	NA	NA	NA	-0.666442947262764	-0.626047301205877	-0.694812653579931	-0.670660545705377	NA	NA	NA	-0.802307143565235	-0.991847112212941	-1.19663385810659	-1.07827327007366	-1.0914980484784	NA
Niben261Chr05g0824003.1	NB-ARC domain-containing protein"	NA	NA	NA	NA	NA	NA	-6.42712172892288	-3.55503168070083	-3.88263088460471	-3.61762479055739	-4.24556423886601	-4.17484295304929	NA	NA	NA	NA
Niben261Chr05g0829006.1	Thioredoxin domain-containing protein"	-1.17428341893845	-1.05042441630021	-1.12107549604901	-1.10761471963591	-1.06734952674807	-1.27910787474937	-1.8903550113897	-1.57196488695003	-1.61808006327099	-1.66612461723296	-1.98835629850415	-1.75599815784189	-1.68308353922836	-2.06747133234127	-2.03231869886795	NA
Niben261Chr05g1054005.1	10 kDa chaperonin-like"	NA	NA	NA	NA	NA	-0.615988583809328	-0.953217169343115	NA	-0.96129792098616	-1.00552445745682	-1.37984993005836	-1.32865564082856	-1.22164465889538	-1.26534531645993	-1.26321764154615	1.43233173051579
Niben261Chr05g1061014.1	DNA replication ATP-dependent helicase/nuclease"	NA	NA	NA	NA	NA	-0.856959941412088	-1.49762779283973	-1.33953738209977	-1.22348486964931	-1.08850318295238	-1.59610443583342	-1.40381988563331	-0.720634980536577	-0.751587939789106	-0.68613756869018	0.972017030685978
Niben261Chr05g1135010.1	Chromatin-remodeling complex ATPase"	NA	NA	NA	NA	NA	NA	-1.73818489410596	-1.65128567560881	-1.78208858509103	-1.73171346963966	-1.96312415521154	-1.93662245513933	-1.91094100338143	-1.90037903727007	-1.95241335690597	0.73247358293774
Niben261Chr05g1238006.1	protein FAM32A-like"	-0.863649784563949	-1.53299752132862	-1.11191588252433	-1.62050004284008	-1.57550574445373	-1.78294290838837	-2.74944396970725	-2.48848013048482	-2.39986564804441	-2.59061035632945	-3.23358786376407	-3.22313307661651	-3.00190386914246	-2.35880378113923	-2.43869668160222	0.747966519723597
Niben261Chr06g0267016.1	Non-specific serine/threonine protein kinase"	NA	NA	NA	NA	-0.716541776137314	-1.30232749433888	-3.18766551646458	-2.50428446210966	-2.72372554987503	-2.51121271619415	-2.38495908590352	-2.44711679907858	-2.72903079974585	-1.61154585724173	-2.13794116917691	NA
Niben261Chr06g0367001.1	heat shock 70 kDa protein. mitochondrial-like"	-1.08137922069803	-1.44019927765953	-1.19213963127414	-1.33905561914518	-1.34072484658968	-1.36428065432702	NA	NA	NA	NA	NA	NA	NA	NA	NA	1.40390251197383
Niben261Chr06g0443002.1	ruBisCO large subunit-binding protein subunit beta. chloroplastic-like"	NA	NA	NA	NA	NA	NA	-1.09149810518246	-0.950386030989229	-1.09718611313584	-1.10091824153994	-1.30824945784939	-1.20641509669048	-0.968490285518946	-0.831149811265939	-0.806268698817223	1.14113778736753
Niben261Chr06g0562007.1	Aldose 1-epimerase"	NA	NA	NA	NA	NA	NA	1.03913151213882	0.940270999996268	1.08604982523478	1.19327471718206	1.53106729321518	1.45166845646708	1.1369027420068	1.54975965744047	1.37829929922373	NA
Niben261Chr06g0688010.1	protein TAPETUM DETERMINANT 1-like"	NA	NA	NA	NA	NA	NA	-6.79547924504179	-5.90040527347056	-5.79765189037168	-6.13007826423978	-7.64674947664492	-7.64041883215608	-7.7136211747675	-5.33281981570242	-5.81165280343554	NA
Niben261Chr06g0733013.1	Small heat shock protein. chloroplastic"	NA	NA	NA	NA	NA	NA	NA	-4.27346217379272	-4.11646425969055	-4.47769884608788	-7.29007501965002	-7.51449585754073	-6.9902413597374	-2.50165742126986	-3.43673863612104	NA
Niben261Chr06g0899001.1	AT-hook motif nuclear-localized protein"	NA	NA	NA	NA	NA	NA	-1.92717468445441	NA	NA	NA	NA	NA	NA	NA	NA	-0.646565697505587
Niben261Chr06g1031019.1	Heat shock protein 90"	-1.55084915883746	-1.96641700120414	-1.71556150323805	-2.35531609376734	-2.18898442731325	-2.60510977434886	-2.95595064593604	-2.3081544483328	-2.34184783346802	-2.47204169896745	-3.01776906590856	-3.11067618475771	-3.19979256154323	-3.25355849694835	-3.20679290859419	0.713397354280051
Niben261Chr06g1114007.1	Chaperone protein like"	-1.28355103365001	-1.83332986375089	-1.49478240015963	-1.97638399638753	-1.97041614602426	-2.11144839943921	-4.52134666419642	-4.75639875065072	-4.48125509909466	-4.8888336857484	-5.75395331655422	-4.89262242178614	-3.76377263410335	-3.27278401701107	-3.4509259329754	NA
Niben261Chr06g1257019.1	WD-repeat protein"	-2.80944427480722	-2.39453869839013	-2.21706154809542	-2.43980356092587	-2.24739393366023	-2.18295039050026	-1.13587470300212	-1.46963627525786	-0.939997237621581	-1.21099034051583	-1.79441778119576	-1.75820742989271	-1.64460843958831	-0.76659582965955	-0.876378709807528	NA
Niben261Chr07g0378013.1	17.3 kDa class II heat shock protein-like"	-6.21096160299435	-5.85204639150312	-5.83098050202508	-5.81616548632716	-5.7242186166125	-5.74842076932172	-3.91365281529392	-4.42951358938592	-3.8368402481117	-4.23447952368513	-7.99339866796987	-6.41288852562382	-4.37767310723693	-5.24629262498552	-4.49575464606955	3.18214949033872
Niben261Chr07g0378025.1	17.3 kDa class ii heat shock protein"	-5.92228931507587	-6.2212631028079	-5.96740595745146	-5.5167166534162	-5.63323881121688	-5.50124911428147	-4.15900145791995	-4.5322206777875	-3.9789714643683	-4.32110859144847	-7.38273220950539	-5.55427520993018	-3.06848977127415	-5.03790062356476	-3.43742008473366	3.06293589474535
Niben261Chr07g0378026.1	17.3 kDa class ii heat shock protein"	-3.51624863834013	-5.82951676211924	-4.30377207616626	-4.99074732331887	-5.10988687659143	-5.13316543351884	-5.12007213320332	-4.58853889465879	-4.28499779146126	-4.62240540393663	-8.70310361827829	-8.53654835370226	-5.71247790120279	-5.58305755652928	-5.58206113627419	NA
Niben261Chr07g0826006.1	Plant intracellular Ras-group-related LRR protein 4"	NA	NA	NA	NA	NA	NA	NA	NA	NA	NA	-0.828370571504037	NA	NA	-0.970147750353765	-0.723392435743038	NA
Niben261Chr07g1027009.1	4-coumarate--CoA ligase-like"	NA	NA	NA	NA	NA	NA	-1.39363256933262	-0.943808173322621	-1.01299194229225	-1.17493026662226	-1.3500439223631	-1.37528917069753	-1.58227684778387	-1.52465145724725	-1.60943736033149	NA
Niben261Chr07g1305014.1	dnaJ homolog subfamily B member 1-like"	-2.20022184319796	-2.51100361755197	-2.31761954227855	-2.54645272347802	-2.56182422907267	-2.71058961800375	-4.31550353413984	-4.16458464747612	-3.92858958334193	-3.9304880420136	-4.35308197476447	-4.17147938765634	-3.83993391549922	-3.0068581126621	-3.26412041826772	NA
Niben261Chr07g1356001.1	3'(2').5'-bisphosphate nucleotidase"	NA	NA	NA	NA	-0.662642676743835	-1.01283496734056	-1.14024536199255	NA	-0.809932858009721	NA	-1.3632195929522	-1.44032802660117	-1.54068146833137	-1.02485505533369	-1.30481345551159	0.909870731619728
Niben261Chr07g1369022.1	protein HEAT-STRESS-ASSOCIATED 32-like"	NA	NA	NA	-3.1382562823124	-2.79666668359295	NA	-1.96455577262581	-2.40089144906682	-1.89516474411911	-1.89223211089441	-2.53782377311805	-3.24995915347204	-3.80008556844066	-2.9032545324054	-3.23587135522168	NA
Niben261Chr07g1465002.1	WD_REPEATS_REGION domain-containing protein"	NA	NA	NA	-1.10124199553065	-0.845993705328665	-1.17541873370761	-0.9463256471075	-1.12433640275618	-0.847633000663294	-0.963317350367498	-1.19851809935448	-1.33810448586203	-1.8084119704538	-1.08164274887376	-1.28465431265109	NA
Niben261Chr08g0035013.1	MYB transcription factor"	NA	NA	NA	NA	NA	NA	-1.95500344525496	NA	-1.81298178524953	-1.7513663016168	-2.20337651059725	-1.78917116883054	-1.28666571425965	NA	-1.04624184614931	NA
Niben261Chr08g0063009.1	ruBisCO large subunit-binding protein subunit beta. chloroplastic-like"	NA	NA	NA	NA	NA	NA	-0.9232996612782	NA	-0.834875504422587	-0.810523757019013	-1.03140313800003	-0.984702424307561	-0.834455922645499	-0.81953892136726	-0.767368606253764	1.08697041447067
Niben261Chr08g0080009.1	Pyridoxal 5'-phosphate synthase subunit PdxS"	-0.917369025460177	-1.01405569918205	-0.886824838352046	-0.915572381120974	-0.889995677767462	-0.948659506320196	-0.608471717257957	NA	NA	NA	-0.90295844181957	-0.896743813497702	-0.843986064832868	NA	NA	NA
Niben261Chr08g0138004.1	heat shock 70 kDa protein"	NA	-2.09672831495668	-1.77892888318294	-2.1285433406404	-2.04744196376507	-2.0220118465568	-1.93523139918789	-2.40449416884479	-1.97380519657564	-2.06580707714407	-4.54814618071477	-6.21109643674001	-6.78900805800467	-2.64880584203	NA	2.56338695836433
Niben261Chr08g0143015.1	DEAD-box ATP-dependent RNA helicase"	NA	NA	NA	NA	NA	NA	NA	-1.67630612533601	NA	NA	-1.82646627571949	-2.14367223990448	-1.96387151932474	NA	-1.12656202171139	NA
Niben261Chr08g0154008.1	DNA-3-methyladenine glycosylase"	NA	NA	NA	NA	NA	NA	NA	NA	NA	-0.652577847263752	-0.828390630717368	-1.05599800664366	-1.36881772584513	-0.99310814998432	-1.08437837666138	NA
Niben261Chr08g0169014.1	Glutathione s-transferase"	-2.03864090409836	-2.2487160425602	-2.05277876080327	-2.43983723468388	-2.30779136573087	-2.4090552301856	-1.73821188258106	-1.67835028543929	-1.33693548313862	-1.36149704291792	-1.84521976186694	-1.53821070605691	-1.12343163223692	NA	NA	1.09526358570595
Niben261Chr08g0193001.1	Chaperone protein like"	NA	NA	NA	NA	NA	NA	-7.20925848177463	-5.10320512941405	-5.25155810091635	-5.68124891645865	-6.45825444887675	-5.44559341536075	-3.19329057336247	-3.09950511880881	-2.8954980822058	NA
Niben261Chr08g0219013.1	E3 ubiquitin-protein ligase SIS3-like"	-1.26157507680678	-1.48646098481576	-1.44775823900939	-1.20761796979153	-1.44585384369583	-1.40874965031113	-0.648134749212134	-1.28836926760808	-0.781785470791486	-1.14823737145746	-1.76953736521186	-1.93018121550081	-2.14145622659283	-0.667668926136662	-1.02121234536663	NA
Niben261Chr08g0309009.1	UPF0426 protein At1g28150. chloroplastic"	NA	-1.04323464911552	NA	-1.14730565587154	-1.11421888092774	-1.34752593436492	-2.49669521795011	-2.17056120367276	-2.50611476766308	-2.41076884393147	-2.24833336717259	-2.24208593588911	-2.21930898590041	-2.46839488192081	-2.42151655563047	0.70616873787301
Niben261Chr08g0445003.1	WRKY transcription factor 27"	-5.57655792730336	-3.11034144613545	NA	-4.09776806703766	-3.4580423705148	-3.99973522320321	-7.63731264254403	-5.72165124206781	-5.76226380605871	-5.86352101004399	-8.45716680983939	-8.14753822176236	-6.45269892239671	-6.53092057017281	-6.14358357714393	NA
Niben261Chr08g0455001.1	Heat shock protein. putative"	-5.79744114714538	-5.71220217934474	-5.55580457448881	-5.25090608446757	-5.32657614742841	-5.31580176206227	-5.09221585568355	-4.21221635390943	-4.16151836056363	-4.33785938472533	-6.56600441533911	-5.08995269222816	-3.73546393636283	-3.69678468563855	-3.52247244589499	2.97496943707529
Niben261Chr08g0455007.1	Heat shock protein. putative"	-6.25134706702264	-5.59206710101193	-5.70082886693755	-5.6297010907555	-5.50801668711802	-5.71008681889859	-4.54345642252406	-4.31781217669472	-4.00435200380454	-4.28118028318398	-6.49888112620009	-5.11314465028663	-3.56285112361141	-3.93601805489417	-3.57637361408402	3.26004068371526
Niben261Chr08g0587014.1	Transcription factor rf2b"	NA	NA	NA	NA	NA	NA	NA	NA	NA	NA	-1.23695312108714	-1.29852438630573	-1.03003529821083	-1.91441226277887	-1.69409386139479	NA
Niben261Chr08g0634012.1	abscisic acid 8'-hydroxylase 4-like"	NA	NA	NA	NA	NA	NA	-7.91224986468295	-8.05869644572859	-7.95151489384761	-7.75863143689926	-7.34334488830769	-7.70636086006273	-7.46258398893067	-8.85347034872768	-8.53694625802189	NA
Niben261Chr08g0634013.1	Abscisic acid 8'-hydroxylase"	NA	NA	NA	-3.50118780762063	-3.23724760231463	-3.69609405489444	-8.81935739407821	-7.48655563995029	-8.00650169441959	-7.52710643529554	-7.38354178825664	-7.6729188401757	-7.30525504015258	-9.53592595128924	-8.53550340841928	NA
Niben261Chr08g0668005.1	Transportin-1"	NA	-0.708401776370276	NA	-1.39637293498635	-1.1641347592035	-1.6558210330484	-0.980426261737397	-0.703243537720932	-0.753570227679695	-0.790070037965317	-0.967906409320712	-1.05113334482959	-1.06077767115409	-1.24015535904789	-1.20869839555877	NA
Niben261Chr08g0796001.1	17.8 kDa class i heat shock protein"	NA	NA	NA	3.45157573334652	2.71055977236871	3.95545606118222	NA	-4.03850497523105	-2.41555167262175	-3.10041222371705	-3.16274194835984	-2.75659760986977	-1.94762204351113	NA	NA	NA
Niben261Chr08g1046005.1	ycf20-like protein"	NA	NA	NA	NA	NA	NA	NA	NA	-1.67329257538298	NA	-0.928908317909536	NA	-1.06915310002032	-1.2733969670587	-1.26683086109254	0.872009717933163
Niben261Chr08g1116002.1	Prohibitin"	NA	NA	NA	NA	-1.38703846513519	NA	-2.13698254480898	-2.24407192314758	-2.36538938948925	-2.2766062011354	-3.21708867595206	-3.39703324754961	-3.34779859506971	-2.19391301625366	-2.45973545832925	0.69670739391577
Niben261Chr08g1122015.1	ABC-type Co2+ transport system"	-2.15481733342247	-2.25061039925689	-2.13940126812501	NA	-1.43349130385835	-1.34371846975208	NA	NA	NA	NA	NA	NA	-1.36710093493095	NA	-0.86471033466113	NA
Niben261Chr09g0153003.1	Cellulose synthase"	NA	NA	NA	NA	NA	NA	-6.31927784511252	-4.01201992773864	-4.4341096484387	-3.92371463692826	-6.20155864043982	-7.25739349722367	NA	-4.69357130300737	-4.22249174911055	NA
Niben261Chr09g0210009.1	Chaperonin cpn60-2. mitochondrial"	-1.41445037767837	-1.85767289096969	-1.56636598083465	-1.99074155254897	-1.92111273812088	-1.98940769875666	-1.54746926142974	-1.3953420195539	-1.29064769132412	-1.35216215861825	-1.94908130168234	-1.80086098916465	-1.40407147440723	NA	-0.797867485053839	1.23247434853423
Niben261Chr09g0471001.1	Ethylene receptor"	NA	NA	NA	0.986984623514581	0.718140174544769	1.04680650635143	NA	NA	NA	NA	-1.04336341472115	-0.829579821940868	NA	-1.0467340845681	-0.864591537333911	NA
Niben261Chr09g0721003.1	10 kDa chaperonin-like"	NA	NA	NA	-0.955195194241333	-0.907517794177142	-1.11516177439244	-1.37999431620903	-1.50264153440318	-1.50706540561852	-1.70902643598689	-2.19165944707106	-1.6701375068435	-1.04856259609267	-0.996074131837746	-1.03074940894083	1.89226449381985
Niben261Chr09g0866011.1	Stromal 70 kDa heat shock-related protein. chloroplastic"	NA	NA	NA	NA	NA	NA	-0.870586002143842	-0.70968476671976	-0.965095608424971	NA	-1.32818360865976	-1.26067612996113	-0.890718497337979	-1.09762887201596	-0.933577150428356	1.62951773824544
Niben261Chr09g0872017.1	cytochrome c"	-2.00691599004555	-2.2075795524219	-2.04136476520656	-2.09662822767599	-2.05809523343028	-2.1321219912911	-0.829050774755018	NA	-0.597427947447978	NA	-0.801749382181897	-0.886774669338574	-0.836560648852898	NA	NA	2.22786053477
Niben261Chr09g0960005.1	Syntaxin"	-1.08680980722883	-1.08699495848122	-1.08849319948776	NA	-0.695262828300919	NA	NA	NA	NA	NA	-0.679452952287434	NA	NA	NA	NA	NA
Niben261Chr09g1015006.1	sugar transporter ERD6-like 5"	NA	NA	NA	NA	NA	-1.95078165582216	-3.37275391613099	-3.14831091592004	-3.32898346933081	-3.11328703541742	-3.21623174790272	-2.32265166775763	-1.19812554968652	-1.71416671256012	-1.70433818365433	NA
Niben261Chr09g1113002.1	BAG domain-containing protein"	NA	-1.61848771823542	NA	-2.22891895326543	-1.9636284579127	-2.45644000136237	-3.45128156078444	-2.82375359753793	-2.84815447557037	-3.15763175121578	-4.7856360029815	-4.79237868810477	-4.19709862032553	-3.89765406796447	-3.7972575810426	2.04292645921805
Niben261Chr09g1113018.1	Bag family molecular chaperone regulator 6"	NA	-2.08903429400308	-1.51502657769509	-2.10846992059446	-2.35454654877538	-2.73079831669716	-4.14801030296583	-3.61509611913557	-3.61746499592513	-4.11163052693407	-5.69071724762373	-5.24681751846633	-4.4445237727791	-4.26014776138435	-4.09797793458657	2.18021760770434
Niben261Chr09g1153001.1	(+)-neomenthol dehydrogenase-like"	NA	NA	NA	NA	-1.93585076009548	NA	NA	NA	NA	NA	NA	NA	NA	NA	NA	NA
Niben261Chr09g1305030.1	salicylic acid-binding protein 2-like"	-4.65534959003352	-4.99826580592769	NA	-5.94228114320279	-5.71261557921983	-6.53630052509522	-7.18742659523467	-5.72955617211232	-5.57871176076184	-5.69322926541127	-8.16025285336279	-7.95466175553623	-7.32576595111923	-3.47124839450655	-4.01437838861009	NA
Niben261Chr09g1324003.1	Transcription termination factor mterf2. chloroplastic"	NA	NA	NA	-1.22538942964888	-0.986841559152941	-1.26222157684841	NA	-1.44490812158091	-0.933262394542459	-1.36918550817653	-2.40592509764653	-1.34803416056605	NA	-1.14502279964768	-1.10397088867133	NA
Niben261Chr10g0178016.1	SWR1-complex protein 4-like"	NA	-0.670124402245293	NA	-0.864799732797147	-0.781796765342971	-1.25836931242458	-2.43625748374004	-2.09150567408521	-2.02876069689441	-2.18037590776832	-2.63582802120894	-2.16178474779777	-1.81616512308556	-1.69063553830132	-1.81991399623423	NA
Niben261Chr10g0197006.1	DNA-directed DNA polymerase"	NA	NA	NA	NA	NA	NA	NA	NA	-4.09683171676567	-4.39289558685311	-4.0765288086264	-4.46080697486375	-4.56928223920741	-5.33092546376018	-4.49656688285682	NA
Niben261Chr10g0410017.1	root phototropism protein 3-like"	NA	-1.18138604407973	-1.08759117896532	NA	-0.975860798949333	NA	-3.25548986604401	-3.79173656350956	-3.65908476259008	-3.85221568936565	-4.80215767775969	-4.29366911521122	-3.80943396393443	-4.00809658092831	-4.01626545900471	1.19203361205542
Niben261Chr10g0614006.1	metacaspase-1-like"	-2.55877752083969	-2.43195026077427	-2.59336648314485	NA	-1.76847815748568	-1.82007502704699	-1.38287990281336	-1.29436091454333	-1.10083706359638	NA	-2.23576261208032	-2.41758031987031	-3.04117932890912	NA	-1.59937248324904	-1.96893719235631
Niben261Chr10g0672002.1	salicylic acid-binding protein 2-like"	NA	NA	NA	-1.93699777035996	-1.26376080554862	-2.06876533269743	-1.54941899188236	NA	-1.41267461925442	NA	-2.18186171627369	NA	NA	NA	NA	NA
Niben261Chr10g1008010.1	mitochondrial import inner membrane translocase subunit TIM14-3-like"	-2.66673670815591	-2.56443577931394	-2.52010804833497	-2.24961412044162	-2.27057490189316	-2.34143488479994	-1.42618857784107	-1.34940896377346	-1.09683117010783	-1.0978350444467	-1.51449249173841	-1.64489820381095	-1.78120202801583	-0.857468141168189	-1.082404075023	1.7986646510223
Niben261Chr10g1106011.1	Serine/arginine-rich-splicing factor SR45A"	-0.858980990470018	-1.04896556958521	NA	NA	-0.933728382949117	-1.1099574116991	-1.74841066239772	-1.58602820030542	-1.48873687622264	-1.65706768742286	-2.07455430522014	-2.24542284191747	-2.7184568006536	-1.92595721190592	-2.11187694994663	NA
Niben261Chr10g1298004.1	mucin-1-like"	NA	NA	NA	NA	NA	NA	-1.21476648881596	-1.35281741239955	-1.20705495544716	-1.53837240464462	-2.10106498080331	-1.96351665473552	-1.92792644285698	-1.22647365880531	-1.53641269527281	NA
Niben261Chr11g0375002.1	2-methoxy-6-polyprenyl-1.4-benzoquinol methylase"	-1.02946252786048	NA	-0.903214721441283	-1.16352649626801	-0.967442294904487	-1.40199418690508	-2.21242499386651	-2.08470102167554	-2.07195119765014	-2.35069275885617	-2.92178119280918	-2.69270105074014	-2.26938312876673	-2.54962286801503	-2.4849456357851	NA
Niben261Chr11g0432011.1	Glutamate receptor"	-4.99857342788726	-3.60623468246402	-3.53900625135863	-3.62050310511146	-3.45630875156975	-3.54515448614409	-3.95152970355334	-3.85588060635919	-3.5661796387379	-3.67435886301481	-5.80728436070743	-5.80915941006262	-5.35611294187631	-3.46431164725944	-3.60648213429071	NA
Niben261Chr11g0949009.1	sphinganine C4-monooxygenase 1-like"	NA	NA	NA	NA	NA	NA	-0.937298424647596	NA	NA	NA	NA	NA	NA	-0.757280118283908	-0.629565643013691	NA
Niben261Chr11g1074005.1	Interferon-induced GTP-binding protein mx"	NA	NA	NA	NA	NA	NA	-4.42056303295834	NA	-2.54813179936485	-2.16003249525502	-3.89415006316456	-2.24727576022577	NA	NA	NA	NA
Niben261Chr11g1076009.1	zinc_ribbon_10 domain-containing protein"	-0.998131319766902	NA	NA	NA	NA	NA	-0.660054042453203	NA	NA	NA	-1.20644128780323	-1.05230287795149	-0.736743436344628	NA	NA	NA
Niben261Chr11g1310006.1	Alpha-galactosidase"	-1.73681881061829	-2.069217218931	-1.75912342650918	-2.53698412878868	-2.23681455034893	-2.54101079766171	-1.50289480243239	-2.64802654807665	-1.85856823848509	-2.64866119152134	-4.33771734242034	-3.91647067674195	-3.52959968477423	-2.87169817417727	-2.98934197766111	NA
Niben261Chr11g1361010.1	Heat shock cognate 70 kDa protein"	-5.9915783229722	-5.95636584463649	-5.73854592881374	-5.61235005221949	-5.60171591073988	-5.61533014649609	-4.19929408059313	-3.47841558825898	-3.31882549796043	-3.54277069366996	-5.5350162485763	-5.21866504063906	-4.46070809292854	-3.01673929601215	-3.23218926648795	2.38745629167826
Niben261Chr11g1394002.1	Universal stress protein family protein"	-2.03136861088163	-2.75048488455566	-2.28876141151741	-3.57805164358244	-3.11979350546512	-3.59523338615352	-3.57446791180142	-3.20594597450846	-3.05521364134193	-3.30270511687605	-3.93559914447907	-3.89425735786378	-3.85202506496897	-2.73927855755146	-3.35817488825124	NA
Niben261Chr12g0058005.1	Transmembrane protein like"	NA	NA	NA	NA	NA	NA	-1.37349401948738	-1.18044845912668	-1.23069032105633	-1.12303240157463	-1.08232603529074	-0.732360608801466	NA	-0.701232060677037	-0.763284014238534	NA
Niben261Chr12g0226001.1	Cell division cycle protein 48 homolog"	-0.85031281319162	-1.16137120028924	-0.986588098417513	-1.12448865831632	-1.14300063379268	-1.15384812767194	-0.992087678896508	-0.830950372670104	-0.705861324324826	-0.843306457169	-1.17045290135969	-1.05983371852247	-1.04936896976102	NA	NA	0.705549204815885
Niben261Chr12g0380002.1	30S ribosomal protein S13"	NA	NA	NA	NA	NA	NA	NA	NA	NA	NA	NA	-0.777174346815124	-0.836949754567064	-1.12940993026179	-1.06290917028922	NA
Niben261Chr12g0719006.1	Non-specific serine/threonine protein kinase"	NA	-0.673251234076095	-0.735191034112618	-0.888982532105814	-0.809206413505435	-1.04404982789763	-2.62451426294619	-2.77197741130093	-2.54112634274966	-2.65581464918553	-3.23229006994783	-2.86327468122162	-2.57246650579032	-1.66042732930996	-1.97122242222898	NA
Niben261Chr12g0785023.1	20 kDa chaperonin. chloroplastic-like"	NA	NA	NA	-0.605447905308409	NA	-0.669794097503491	-0.8369113521494	-0.777965565370968	-0.786347054693665	-0.851689121400307	-1.19094535565071	-1.20504196436392	-1.08590309533106	-0.781173725357704	-0.82292821371453	1.68008132033738
Niben261Chr12g0913008.1	Unknown protein"	NA	-6.60185981867858	-5.70874797596764	-4.57384014793489	-4.73679900337003	-4.27612062350155	-2.19447475442201	-3.06324295486142	-1.98546947812392	-2.44705293447654	-6.06018478843052	-5.44464705143228	-5.37274923567456	NA	-4.41728957107824	NA
Niben261Chr12g1028009.1	Hexosyltransferase"	NA	-2.85744963484003	-2.69175859895604	-2.91429164789064	-2.87172245099293	-3.21538395002931	-3.27335993146178	-3.72438595813993	-3.46365880521916	-4.18947857367282	-5.42274010640018	-5.27936031413551	-5.12296971082039	-6.21246622404948	-6.13959470375011	NA
Niben261Chr12g1097003.1	anther-specific protein LAT52"	NA	NA	NA	1.47792062555127	1.25618005189159	1.3590338601999	NA	NA	NA	NA	1.59550267546977	1.81551836853135	2.28683470198362	2.61826247856076	3.04153577612563	-1.65550025624369
Niben261Chr12g1569022.1	F-box domain-containing protein"	-3.59529514382938	-4.47239434659233	-4.20828872685477	-5.18335889303298	-4.98636153002783	-5.69271747424207	-6.22586281059595	-4.79027869283006	-5.19518083515803	-4.75427135454919	-5.89820842916953	-5.75162504311569	-4.78483383788019	-1.80377194968864	-2.35025147695961	NA
Niben261Chr13g0061012.1	heat shock 70 kDa protein. mitochondrial"	-1.01652148380982	-1.0133348855695	-0.993606068055438	-1.05109379980471	-1.01759250769327	-1.1517941689018	-0.721930128643243	NA	NA	NA	-0.685373054208295	-0.662411972083078	NA	NA	NA	0.839823119944518
Niben261Chr13g0253007.1	Threonine dehydratase"	NA	NA	NA	NA	NA	NA	NA	NA	NA	NA	NA	NA	-0.854885423691727	-1.09135613355786	-1.07645357106008	-1.1095073286175
Niben261Chr13g0357002.1	U1 small nuclear ribonucleoprotein C"	NA	NA	NA	NA	NA	-1.47469883064175	-2.14438878622324	-1.68360740838848	-1.64256655982457	-1.68525309211299	-2.29129441692111	-2.21002143573381	-1.74563938407242	-2.12072610120892	-1.96686039915045	NA
Niben261Chr13g0482004.1	Heat shock cognate 70 kDa protein"	-2.80485652435137	-2.80263879615019	-2.67466028063219	NA	-2.05296081284468	-2.04138572306422	-2.93821651270978	-2.19802660927067	-2.32315321192418	-2.4389491178755	-4.25546890567742	-4.07067992669418	-3.93887356906917	-1.88141255812803	-2.15774259618298	NA
Niben261Chr13g0686007.1	Chaperone protein like"	-2.77633435204939	-3.49151126179391	-3.05933868179806	-4.00291607197966	-3.8375416708802	-4.48607135457368	-5.548316176499	-4.52683356361131	-4.44221331602626	-4.75141603491444	-6.49859684021916	-5.40748975101889	-3.91216327381417	-4.41134057088372	-4.10742849213749	NA
Niben261Chr13g0796002.1	Heat shock 70 kDa protein"	NA	NA	NA	NA	NA	-0.626119794823656	-0.944164224325311	NA	-0.653882239691214	-0.716998547383521	-1.36998111077538	-1.38754012569113	-1.21221051880383	-1.31860656803832	-1.20710397513252	NA
Niben261Chr13g0875006.1	GDSL esterase/lipase"	NA	NA	-1.55538821248043	NA	-2.15544889284508	-4.43295571253391	-2.15926700761	-1.90263471550855	-1.89806410212686	NA	NA	NA	NA	NA	NA	NA
Niben261Chr13g0959002.1	zinc_ribbon_15 domain-containing protein"	-2.6445325981235	-2.82745182542742	-2.45508158569708	-3.09982941011135	-2.83668307977329	-3.00053040072464	-1.54348353683025	-1.86184039156531	-1.46369314821889	-1.66109675331733	-1.60698923501276	-1.68359111025306	-1.95926752250169	NA	NA	2.65231012202867
Niben261Chr13g1031007.1	17.6 kDa class I heat shock protein"	-3.26284670245258	-5.29130049956662	-4.40674851607107	-5.74521122789528	-5.46993381423157	-5.55699017131063	-7.58635922968558	-6.69482943506547	-6.49419289254539	-6.44670270054926	-9.1047261285041	-8.2834902615666	-7.43887928772496	-7.18544146386665	-6.90322455732531	3.12934003833601
Niben261Chr13g1143001.1	PB1 domain-containing protein"	NA	-2.7947224516256	-1.61888105679975	-2.17265009132259	-2.43397482098522	-2.00520679176643	-2.04276977005804	-1.95775423797487	-1.7306684922211	-2.06665183310209	-3.0543520371843	-3.13885752893057	-3.19183037184585	-2.75430113458616	-2.84167928844365	NA
Niben261Chr13g1429005.1	Protein farnesyltransferase/geranylgeranyltransferase type-1 subunit alpha"	NA	-2.04132003004137	-1.67991833709374	-2.93934244595467	-2.72997258342456	-3.54592506580161	-4.94852071569706	-5.04620835899118	-4.70959912670128	-4.86014340923962	-5.63861525441176	-5.05888530727873	-4.44098909151227	-4.28462406828771	-4.34565652258086	NA
Niben261Chr14g0099003.1	transcription factor MYB1R1-like"	NA	NA	NA	NA	NA	NA	-1.96465349426518	-3.24444179196702	-3.17378186835138	-3.597779943971	-3.46429932694828	-3.46572972997181	-3.77883929082944	-3.73702422270509	-3.9196001489967	1.16063087685662
Niben261Chr14g0181003.1	Ubiquitin and WLM domain-containing metalloprotease"	-1.39990365828343	-1.50503966118021	-1.40295416862731	-1.00175212554299	-1.09669337683085	-1.04747951796735	-0.893597675613147	-0.70526916938479	-0.638496076216128	NA	-1.15671074419989	-1.19877036218017	-1.32326178616546	NA	-0.789581953751981	NA
Niben261Chr14g0365006.1	Mitochondrial glycoprotein"	NA	NA	-1.26479898112484	NA	-1.22513680735788	NA	-2.30514560745105	-2.21240716875164	-2.39563335949488	-2.54735794192244	-3.03482651376431	-3.10120060564788	-3.4760458469489	-2.67993546381035	-2.98651909507407	NA
Niben261Chr14g0436005.1	boron transporter 4-like"	NA	-4.91765998069733	-4.80942453764809	-5.49493304288403	-5.28912652177952	-5.70740626265905	-3.03934656686496	-3.19408322538221	-2.9797725319906	-3.64435865885554	-6.36226113406973	-4.86204999487648	-4.04154592260277	-2.71110951001725	-2.96644535614255	NA
Niben261Chr14g0478006.1	20 kDa chaperonin. chloroplastic-like"	NA	NA	NA	NA	NA	NA	-0.729288048520801	NA	-0.752479178456931	-0.859582217458741	-1.29982776902688	-1.22285232153247	-0.987324429125284	-1.1615625671719	-1.06812669642671	1.37770918357984
Niben261Chr14g0553002.1	STE20-like serine/threonine-protein kinase"	NA	NA	NA	NA	NA	NA	-1.82494459766792	-2.05664208191897	-1.80290209440483	-2.10299846688277	-3.02966551361906	-2.49292359705317	-1.72461820856747	-1.50396423434511	-1.54346660744915	NA
Niben261Chr14g0579002.1	10 kDa chaperonin-like"	-0.833444343990873	-1.06389720544055	-0.938412478416322	-1.26591969143696	-1.21646432586141	-1.39408411416824	-1.68462465025329	-1.56835970339985	-1.54562649886633	-1.69949712888825	-2.24027734829721	-2.04106452422269	-1.87682264580033	-1.68884844194567	-1.79115079838547	1.69032200236335
Niben261Chr14g0589008.1	Proteasome subunit beta"	NA	NA	-0.671570763481547	NA	-0.743612688035977	NA	-0.896920007437031	NA	-0.720003480564425	-0.689164842589158	NA	NA	-0.928622925246304	NA	NA	1.45141546778501
Niben261Chr14g0648007.1	RNA-binding protein 42-like"	-1.64451191275615	-1.79254487379016	-1.69671717043636	-1.76136656672848	-1.74640841119505	-2.01438934116116	-3.34570303280803	-3.0033118981314	-2.92939914643348	-3.14837799500511	-3.98839156710226	-3.83858995217564	-3.37386010885733	-3.36689531728527	-3.27378170076829	1.06043746444051
Niben261Chr14g0755006.1	sodium-coupled neutral amino acid transporter 1-like"	NA	NA	NA	NA	NA	0.78527859811349	NA	-0.774500975487002	-0.716182858124508	NA	-0.906871751532711	NA	NA	-1.23743382070261	-1.06190447743547	NA
Niben261Chr14g0808008.1	beta-glucuronosyltransferase GlcAT14A-like"	NA	NA	NA	-1.44682909558326	-1.22291809399522	-2.00986840830759	-4.56473830764329	-4.2217384152609	-4.27845532702112	-3.90765128378765	-4.3131118734542	-4.23812898521228	-3.79721155813598	-1.34911963769408	-2.44742379733187	NA
Niben261Chr14g0908006.1	bax inhibitor 1-like"	-1.2856710747042	-1.46454995896891	-1.33403112586217	-1.37756077185396	-1.36104284072152	-1.48485833326637	-0.809820102460281	-0.719336512217806	-0.588953480698235	NA	-1.52205770837756	-1.00484414005564	NA	NA	NA	NA
Niben261Chr14g0950012.1	Heat shock 22 kDa protein. mitochondrial"	-4.58966442087681	-4.52876593605316	-4.46912549163458	-4.84410108585312	-4.67105076709503	-4.91045812367357	-2.81374114013913	-2.61458342331457	-2.34979043030838	-2.46935623178829	-3.44038419610382	-3.24566295158079	-2.5243967708168	-1.877341711357	-1.98061411470439	2.97747153529527
Niben261Chr14g0976002.1	FAM10 family protein At4g22670-like"	-0.656382052708972	-0.970743278983334	-0.747937868342001	-1.21595372307061	-1.08985379965242	-1.27972471061002	-1.71750456303378	-1.38912903362261	-1.55558661948715	-1.56294012938067	-1.80281777756765	-1.60196128084731	-1.38983039820602	-1.54337821245934	-1.46044631035654	0.781548183594864
Niben261Chr14g0997003.1	Glycosyltransferase"	NA	NA	NA	NA	NA	NA	-7.05459009129339	-5.99856489060887	-6.47077674014437	-6.42250300625842	-7.1680581267671	-5.57864757530518	-4.02254148929833	-4.13630259176763	-4.26363053022905	NA
Niben261Chr14g1362021.1	heat stress transcription factor B-2b"	-2.79855533931438	-3.31504223500935	-2.97442227398514	NA	NA	NA	-1.54645799173549	NA	-0.995433747242795	NA	-2.02588799117396	-2.45905557121158	-3.57387452598016	NA	NA	-1.52254002465365
Niben261Chr15g0447006.1	STE20-like serine/threonine-protein kinase"	NA	NA	NA	NA	NA	NA	-3.22680077091679	-2.46143743187404	-2.66987798547256	-2.80704890884799	-3.50335642389114	-2.79336527233467	-2.07105812382755	-1.89971640787804	-2.07702101802134	-1.86516376944946
Niben261Chr15g0589001.1	RanBP2-type domain-containing protein"	NA	-1.73112067630938	-1.50631699241889	NA	-1.52592398247837	-1.48118376131242	-2.15403980843824	-1.86663716945701	-1.7513901825477	-1.9069290277567	-2.38155744327348	-2.02851037362575	-1.76970194802774	NA	NA	0.932962814804596
Niben261Chr15g0613010.1	10 kDa chaperonin-like"	-1.02589308847946	-1.54706304694735	-1.21734235414447	-1.75788643492645	-1.67051335568486	-1.83286563858596	-1.90762771994608	-1.74072570936089	-1.68918339195045	-1.84931140300381	-2.50876788497837	-2.27540384563849	-1.89388290239334	-1.93084857378206	-1.86620868575213	1.4286407182232
Niben261Chr15g0785007.1	AT-rich interactive domain-containing protein 1-like"	NA	NA	NA	NA	NA	NA	-1.8017192730719	-2.36707327611362	-1.82653594296807	-2.11598227576091	-2.55310120288119	-1.73886352333194	-1.22898866536216	-1.92647915738045	-1.93478102885226	NA
Niben261Chr15g1115005.1	Procollagen-proline 4-dioxygenase"	-1.70034816605344	-1.73492791272905	-1.61198720446113	-1.28817902817996	-1.35200853982396	-1.30865655440778	-0.602898633397635	NA	NA	NA	-0.976582926432467	-0.993431596075443	-1.1233850245901	NA	-0.628095452051699	NA
Niben261Chr15g1523013.1	pentatricopeptide repeat-containing protein At2g31400. chloroplastic"	NA	NA	NA	NA	NA	-0.60465880883722	NA	NA	NA	NA	-0.859269897105263	-0.853401353266742	-0.90837545771352	NA	-0.625227872927984	0.725117978670373
Niben261Chr16g0254004.1	dnaJ homolog subfamily B member 1-like"	-1.78642688566488	-1.57325575149849	-1.73621444687294	-1.20809609938792	-1.41331558762908	-1.26812937276561	-3.61618157745846	-3.75378363402379	-3.45995895571169	-3.69727937707197	-4.82341592974011	-4.86053904379344	-4.13256958087816	-3.22529128211346	-3.39251680251899	NA
Niben261Chr16g0350012.1	protein HEAT-STRESS-ASSOCIATED 32-like"	NA	-1.50296202158526	NA	-1.98542191998486	-1.75189493370378	-2.21097607321992	-2.66140229648292	-2.61840729459829	-2.9476668578604	-3.00039658499031	-3.0335300268837	-2.8575971947833	-2.67521761001737	-2.5465746012798	-2.49162971265458	1.34059281705693
Niben261Chr16g0434017.1	Zinc finger an1 domain-containing stress-associated protein 12"	-2.64529075637986	-3.14370751926777	-2.66252717386175	-3.51276488341498	-3.22984335067326	-3.59290309696534	-2.78821664047043	-2.72260617396294	-2.42551966120174	-2.49223570580195	-2.92018091420051	-2.74499449654678	-2.84982624606929	-1.4529470001736	-1.7832012610607	1.57652134387132
Niben261Chr16g0519016.1	microsomal glutathione S-transferase 3-like"	-1.13429885274611	-1.19009545193014	-1.14780362551041	-1.1525893979599	-1.14977399349003	-1.24865483492823	-0.695316724552171	-0.919403426040786	NA	NA	-0.58595801028154	NA	-0.781047981221983	NA	NA	0.906692742650831
Niben261Chr16g0761009.1	pollen-specific leucine-rich repeat extensin-like protein 1"	NA	-0.678410061545649	-0.626543261575205	NA	NA	-0.620221724162521	-0.60513616719624	NA	NA	NA	-1.01206185097398	-0.785997432477467	NA	NA	NA	NA
Niben261Chr16g0933001.1	Heat shock 70 kDa protein"	-1.62644199537747	-2.03996572344212	-1.73715552557444	-1.88514930359818	-1.87313355661027	-1.96285397973008	-1.31908872055755	-1.26430038093547	-1.17222707388071	-1.38165123014697	-2.46497946103999	-2.39831339645916	-2.45666797222665	-2.22547954437593	-2.3091552710644	NA
Niben261Chr16g1185001.1	Heat shock 70 kDa protein"	-0.856226241418782	-1.25743556510756	-1.01993946638926	-1.29761148069736	-1.26909549326809	-1.37313888345471	-1.58320650669682	-1.36373689315734	-1.27934846059311	-1.36909594526708	-2.08418135208681	-2.04234040458352	-1.92605193540723	-1.64776181303389	-1.71741460376212	NA
Niben261Chr16g1189004.1	2-oxoglutarate-dependent dioxygenase AOP3-like"	NA	NA	NA	NA	NA	NA	1.21532497546476	NA	NA	NA	1.28644831775638	NA	NA	NA	NA	NA
Niben261Chr16g1420015.1	Serine/threonine-protein phosphatase 2A 55 kDa regulatory subunit B"	-0.907379316757353	-1.0917809625365	-0.958257432645804	-1.12356803963084	-1.08141373337973	-1.18830747934402	-1.45273554843889	-1.21220170498188	-1.1930452009142	-1.3420720858279	-2.01122864759729	-1.88592007809115	-1.75744342760025	-1.62119488036309	-1.68559297397619	NA
Niben261Chr17g0102008.1	ADP-ribosyl cyclase/cyclic ADP-ribose hydrolase"	-2.46773728629779	-2.55697595017085	-2.58357765796542	-2.48266642114981	-2.48642049292853	-2.83045584062813	-4.1928499804022	-3.9993535257522	-3.70997102335562	-4.11574092700508	-6.56622075475985	-5.05869830691987	-3.75041146269367	-3.18822672488136	-3.37175005879272	NA
Niben261Chr17g0704004.1	Cyclin-sds"	NA	NA	NA	NA	NA	NA	-7.79216771147499	-7.07247190218909	-7.01217413304918	-7.02289431933357	-8.28120608836161	-7.88063192077073	-7.54776075281359	-5.7084425096756	-6.34512118524238	NA
Niben261Chr17g0798005.1	Sodium/hydrogen exchanger"	NA	NA	NA	NA	NA	NA	-0.747754273429357	NA	NA	NA	-0.736281898266537	-0.811832551895069	-0.89000472518542	NA	-0.592712074820126	NA
Niben261Chr17g1207004.1	Heat stress transcription factor a-6b"	-2.0905041333812	-2.82920713360045	-2.36854876820421	-2.24579927486559	-2.5124457737112	-2.51791134372821	-4.91979483350553	-3.92426192819851	-3.83108328122611	-3.97248859976501	-4.57327997109392	-4.51945133211167	-4.21478852747066	-3.75335984779246	-3.72230818427226	-0.934301982642448
Niben261Chr17g1291020.1	Peptidylprolyl isomerase"	-2.18539345210374	-2.3924927619882	-2.45738394349049	-2.2286182387919	-2.49847036289958	-2.78718936961051	-2.63840211022279	-1.87190240881256	-2.06007102705206	-2.27916124436028	-3.10864415212604	-3.25857846215216	-3.90801712902427	-3.79816444744232	-3.89891975383761	NA
Niben261Chr17g1529001.1	F-box domain-containing protein"	NA	NA	NA	NA	NA	NA	NA	-1.70538292121303	-1.27253814709694	-1.76953931767948	-2.07610136857772	-1.46919776784794	NA	-2.04716579922928	-1.79542765048719	-1.01481506635388
Niben261Chr17g1536002.1	splicing factor U2af small subunit B-like"	NA	NA	NA	NA	NA	NA	-2.58923287962092	-1.84909345948759	-1.88585252184076	-2.05664423329261	-2.51183502873947	-2.62080408529423	-3.17861406132829	-2.53251952019116	-2.80914425567604	NA
Niben261Chr18g0069016.1	classical arabinogalactan protein 1"	NA	NA	NA	NA	NA	NA	NA	NA	-1.23546972198652	-1.45028962299226	-2.09797225705311	-1.65282241486397	NA	NA	NA	NA
Niben261Chr18g0557014.1	SLT domain-containing protein"	-1.11929140903291	-1.64509162066944	-1.25283580540176	-1.66959089433528	-1.56828248595701	-1.79037628695252	-1.04104645343261	NA	NA	NA	-0.714082644686592	NA	-0.789988444930473	NA	NA	0.706927168789162
Niben261Chr18g0746001.1	Unknown protein"	NA	NA	NA	NA	NA	NA	-3.8900922841256	-3.84002473434003	-4.00075901766489	-4.18431197918277	-5.63377180405678	-5.29810068405922	-4.96136077529482	-4.904567249825	-4.77346419865599	NA
Niben261Chr18g0858015.1	dnaJ protein homolog"	-3.82364280928304	-3.24423856735455	-3.28074695248576	-3.35462082305027	-3.20055748433787	-3.40941818277583	-2.60664305836156	-1.97017879091458	-1.98400726870719	-2.13220093144692	-3.7159183546255	-3.49260978565376	-3.3008501228289	-2.61603678225662	-2.71470576739027	NA
Niben261Chr18g0944002.1	transcription factor bHLH91-like"	-4.58890252516388	-5.1137998227307	-4.69844259236623	-4.76241069368589	-4.75907808508109	-4.76950855397802	-4.88122728569297	-4.39122598064373	-4.54834434653228	-4.63434394296433	-6.83255487590831	-5.8395669116867	-5.03382095729453	-2.07773812096547	-2.87701704504503	NA
Niben261Chr18g1377001.1	NAC domain-containing protein"	-3.82930944471359	-2.1790877657457	-2.70894005539052	-2.76913693230619	-2.39449650177087	-2.9270059584542	-3.38387054631424	-3.36371418406827	-3.19751369575685	-3.55306505147276	-5.52826670267396	-4.1841607084701	-2.47837493889423	-1.74258995431484	-2.02485327581729	NA
Niben261Chr19g0094021.1	20 kDa chaperonin. chloroplastic-like"	NA	-0.681259585440226	NA	-0.945937803700744	-0.864942771946019	-1.06190046284089	-1.25264500285056	-1.18185806051633	-1.19820811724534	-1.28210687726291	-1.73991637924165	-1.66533666641684	-1.40980443805038	-0.929946711973869	-1.03807800703148	2.11965798647724
Niben261Chr19g0115032.1	Glucan endo-1.3-beta-D-glucosidase"	NA	NA	NA	NA	NA	NA	-2.00983253824822	-1.80093251541323	-1.71605512454552	-1.69188545967425	-2.81383929954734	-2.48796753934855	-2.44199726805231	-1.71538186727286	-2.10359266888904	NA
Niben261Chr19g0179021.1	Taste receptor type 1 member 1 like"	NA	-0.704165998638912	NA	NA	NA	NA	NA	NA	NA	NA	NA	NA	NA	0.741711015288938	0.690620467426579	NA
Niben261Chr19g0250003.1	1-aminocyclopropane-1-carboxylate oxidase"	-2.8257893101474	-1.2479144462568	-2.01921525246521	NA	-1.1445354247346	NA	NA	NA	NA	NA	-1.01281980355189	-0.925962062945906	-0.820884012359373	-1.01082342856652	-0.9684787035903	NA
Niben261Chr19g0265003.1	Pept_C1 domain-containing protein"	NA	NA	NA	NA	NA	-1.26598936745894	-1.28275736908691	-1.1782300200349	-1.00713332726267	-1.11822771032345	-1.52780775440919	NA	-1.41851135333211	-1.47864378982174	NA	NA
Niben261Chr19g0386008.1	2-methoxy-6-polyprenyl-1.4-benzoquinol methylase"	-1.58066426364687	-1.40014586820978	-1.58472259387785	-1.82466248698181	-1.71287872998234	-2.37198760784671	-3.69596581582486	-2.98381080277446	-3.12153689147352	-3.31471935965352	-3.75180640446087	-3.43275898178389	-3.03489722564229	-3.06924325613774	-3.12621875710236	1.08931444954497
Niben261Chr19g0648010.1	Mechanosensitive ion channel protein"	NA	NA	NA	NA	NA	-1.34585860893739	-1.82497225238157	-1.82324163700655	-1.90119166507653	-2.0726688400324	-3.28215838413101	-3.2311651056181	-2.40370411516034	-2.03866686915199	-1.94981709090386	NA
Niben261Chr19g0709003.1	cytoplasmic 60S subunit biogenesis factor REI1 homolog 1-like"	NA	-0.68967218497522	NA	-0.772514350349168	-0.729723135509323	-0.83216718411698	-1.56730799566333	-1.48717384044947	-1.38572297767365	-1.39432465154641	-1.67907609764967	-1.62168676630689	-1.70301774621457	-0.771030333054407	-1.05866086651609	NA
Niben261Chr19g1105009.1	Heat shock protein 90"	NA	-0.735816070150664	NA	-1.19959906937869	-1.02618905000468	-1.39937975355883	-1.49279728462485	-1.24265149825391	-1.37155403288581	-1.38978951839105	-1.73720585904602	-1.55645005313141	-1.0432085094009	-1.17813291366621	-1.01168754804393	2.02171125120566
Niben261Chr19g1350017.1	Uricase"	NA	-3.41503705017862	NA	-5.26817152225772	-3.86095608754498	-4.87672850735013	-4.26123236742655	-4.68785876976905	-5.11344399908477	-6.27893958703311	-8.01874797950193	-5.9654309978223	-5.58037170442662	-5.04157456891616	-5.39753556166983	2.87504944097153
Niben261Scf01681g0000003.1	stromal 70 kDa heat shock-related protein. chloroplastic"	NA	NA	NA	-0.750462209853227	-0.67000056259315	-0.752608539291924	-1.2443294083051	-0.913541598303171	-1.17662401609829	-1.25241631626838	-1.521441201126	-1.41038940360238	-1.23428735492442	-1.11750762512645	-1.14041819749787	1.31875498921125
